6.206235885620117188e-01
2.976845204830169678e-01
3.019087910652160645e-01
6.961334347724914551e-01
7.035545706748962402e-01
6.277768611907958984e-01
4.980413317680358887e-01
3.801829814910888672e-01
6.101247668266296387e-01
3.354211449623107910e-01
6.916646957397460938e-01
3.268103301525115967e-01
3.185695409774780273e-01
3.082689344882965088e-01
6.786554455757141113e-01
6.594496965408325195e-01
3.004835247993469238e-01
3.055677115917205811e-01
2.981009781360626221e-01
5.930469036102294922e-01
3.087475299835205078e-01
3.052407503128051758e-01
2.988170385360717773e-01
4.508521854877471924e-01
3.139050602912902832e-01
3.057794570922851562e-01
7.035450339317321777e-01
6.607178449630737305e-01
6.019424796104431152e-01
3.598442971706390381e-01
6.628208756446838379e-01
4.789209961891174316e-01
3.207371830940246582e-01
7.017394304275512695e-01
4.048900604248046875e-01
2.965744137763977051e-01
6.740989685058593750e-01
4.436905980110168457e-01
5.914608836174011230e-01
3.002022504806518555e-01
3.108427226543426514e-01
6.406394243240356445e-01
6.996767520904541016e-01
3.044640421867370605e-01
3.115379214286804199e-01
6.976761221885681152e-01
7.003548145294189453e-01
3.230406641960144043e-01
7.026192545890808105e-01
6.847884654998779297e-01
5.362223386764526367e-01
4.433513879776000977e-01
5.035996437072753906e-01
7.031657099723815918e-01
7.026315331459045410e-01
7.013406157493591309e-01
2.983930706977844238e-01
6.492429971694946289e-01
3.149061799049377441e-01
7.001513242721557617e-01
2.976102232933044434e-01
5.353248715400695801e-01
6.877617239952087402e-01
6.945436596870422363e-01
5.983917713165283203e-01
3.051944971084594727e-01
3.018601834774017334e-01
6.739698648452758789e-01
5.729565620422363281e-01
7.019994258880615234e-01
6.600532531738281250e-01
3.068594336509704590e-01
6.672793626785278320e-01
6.494283080101013184e-01
7.031250596046447754e-01
4.281166195869445801e-01
3.394531309604644775e-01
6.934623718261718750e-01
5.409705042839050293e-01
3.717356622219085693e-01
3.589603304862976074e-01
3.152150511741638184e-01
3.230267763137817383e-01
6.134131550788879395e-01
4.662800729274749756e-01
3.410525023937225342e-01
2.980337738990783691e-01
3.093535602092742920e-01
3.854344189167022705e-01
6.727198362350463867e-01
6.958459019660949707e-01
3.159470260143280029e-01
3.134698569774627686e-01
4.442363679409027100e-01
6.082246899604797363e-01
6.161514520645141602e-01
3.102374076843261719e-01
3.415899574756622314e-01
3.974076509475708008e-01
6.964944005012512207e-01
6.798611283302307129e-01
6.806268095970153809e-01
6.871422529220581055e-01
7.005405426025390625e-01
3.755717277526855469e-01
3.021971881389617920e-01
4.902288615703582764e-01
3.194476664066314697e-01
3.031111657619476318e-01
5.205984711647033691e-01
3.018272519111633301e-01
7.001286149024963379e-01
4.141114652156829834e-01
6.702240705490112305e-01
4.228344857692718506e-01
5.015651583671569824e-01
6.307573914527893066e-01
7.029327154159545898e-01
3.808867931365966797e-01
3.734834790229797363e-01
6.476568579673767090e-01
3.244037032127380371e-01
7.025929093360900879e-01
4.066241681575775146e-01
7.009809613227844238e-01
3.178221881389617920e-01
6.585664153099060059e-01
3.216443359851837158e-01
3.013978302478790283e-01
3.002662658691406250e-01
6.947836279869079590e-01
4.610998034477233887e-01
3.547782301902770996e-01
6.929284334182739258e-01
6.072160005569458008e-01
6.977083683013916016e-01
6.954085826873779297e-01
6.620920300483703613e-01
5.030002593994140625e-01
4.905113875865936279e-01
6.967336535453796387e-01
5.246013998985290527e-01
2.974999547004699707e-01
3.216215074062347412e-01
3.970804512500762939e-01
6.135528087615966797e-01
3.230478167533874512e-01
6.846579313278198242e-01
2.999114096164703369e-01
3.116053640842437744e-01
6.955062747001647949e-01
3.056562244892120361e-01
6.006152629852294922e-01
5.565857887268066406e-01
7.014060020446777344e-01
7.027384042739868164e-01
6.239879131317138672e-01
3.811944723129272461e-01
6.619149446487426758e-01
4.625767767429351807e-01
6.919201016426086426e-01
3.633832335472106934e-01
2.993773818016052246e-01
6.862767338752746582e-01
5.839942693710327148e-01
3.967539966106414795e-01
7.038106322288513184e-01
3.037054538726806641e-01
7.017449140548706055e-01
6.143996715545654297e-01
3.029053509235382080e-01
6.755552887916564941e-01
3.103790581226348877e-01
6.927267909049987793e-01
6.777613759040832520e-01
3.915011882781982422e-01
3.079204559326171875e-01
6.995747685432434082e-01
3.728905320167541504e-01
5.562949180603027344e-01
6.964864730834960938e-01
3.220334351062774658e-01
7.040034532546997070e-01
2.996712625026702881e-01
6.740383505821228027e-01
6.770534515380859375e-01
6.715266108512878418e-01
6.860724687576293945e-01
2.993246614933013916e-01
7.033454775810241699e-01
6.994650959968566895e-01
3.124829828739166260e-01
3.040079176425933838e-01
3.066537082195281982e-01
4.313275814056396484e-01
3.348750770092010498e-01
3.039762973785400391e-01
4.183538854122161865e-01
6.574065685272216797e-01
3.275461494922637939e-01
7.010262608528137207e-01
3.308529257774353027e-01
3.071655333042144775e-01
3.243231177330017090e-01
7.018616199493408203e-01
7.020406126976013184e-01
3.318749368190765381e-01
4.481093585491180420e-01
3.682938218116760254e-01
3.032838702201843262e-01
3.035132288932800293e-01
5.863156318664550781e-01
6.932965517044067383e-01
4.399930238723754883e-01
5.989881753921508789e-01
3.433148860931396484e-01
6.949269175529479980e-01
3.057403266429901123e-01
3.064595162868499756e-01
3.739472925662994385e-01
4.266231954097747803e-01
3.426569104194641113e-01
3.028346300125122070e-01
6.948416829109191895e-01
6.650584340095520020e-01
3.513619005680084229e-01
6.544061303138732910e-01
3.268074095249176025e-01
7.043242454528808594e-01
3.039118945598602295e-01
2.994921803474426270e-01
6.881756782531738281e-01
6.765735745429992676e-01
3.044277727603912354e-01
5.828515887260437012e-01
6.946551203727722168e-01
6.818104982376098633e-01
6.862418055534362793e-01
6.986260414123535156e-01
4.178009629249572754e-01
6.943081617355346680e-01
3.807825446128845215e-01
6.638728976249694824e-01
3.079596459865570068e-01
3.027660846710205078e-01
6.956262588500976562e-01
7.043654918670654297e-01
6.173281669616699219e-01
3.369558751583099365e-01
6.827845573425292969e-01
6.916306018829345703e-01
5.167386531829833984e-01
6.696690320968627930e-01
3.040623366832733154e-01
6.965799927711486816e-01
6.469501256942749023e-01
4.010518491268157959e-01
3.594228923320770264e-01
5.106354951858520508e-01
2.988908588886260986e-01
3.235876262187957764e-01
3.348628878593444824e-01
6.047112345695495605e-01
3.148995041847229004e-01
4.209480881690979004e-01
7.032732367515563965e-01
6.768342852592468262e-01
3.042253553867340088e-01
3.235108554363250732e-01
3.247656226158142090e-01
3.530291914939880371e-01
6.692894101142883301e-01
6.763244867324829102e-01
3.883856832981109619e-01
7.028042078018188477e-01
3.031033575534820557e-01
7.024717330932617188e-01
3.022480010986328125e-01
6.823343038558959961e-01
3.046377003192901611e-01
6.366813182830810547e-01
3.126903772354125977e-01
3.377977907657623291e-01
7.041906714439392090e-01
7.037031054496765137e-01
5.971566438674926758e-01
3.298937678337097168e-01
3.723975419998168945e-01
6.278075575828552246e-01
3.923456072807312012e-01
3.021195828914642334e-01
6.602482199668884277e-01
6.847141981124877930e-01
7.032852768898010254e-01
6.495868563652038574e-01
5.488879084587097168e-01
7.013491988182067871e-01
3.052668273448944092e-01
3.605575561523437500e-01
2.976023852825164795e-01
3.107677698135375977e-01
3.485813736915588379e-01
3.041399121284484863e-01
6.934674382209777832e-01
2.979695200920104980e-01
6.718096137046813965e-01
5.988116860389709473e-01
6.228835582733154297e-01
3.153348267078399658e-01
6.971312761306762695e-01
6.976016163825988770e-01
6.570965051651000977e-01
5.781942605972290039e-01
6.671327352523803711e-01
4.847392141819000244e-01
6.341697573661804199e-01
4.021380543708801270e-01
6.982018947601318359e-01
6.947582364082336426e-01
6.786944866180419922e-01
3.195103108882904053e-01
3.444534242153167725e-01
6.903240084648132324e-01
3.738087713718414307e-01
6.889215707778930664e-01
7.043184041976928711e-01
6.882377862930297852e-01
2.993444800376892090e-01
3.024993538856506348e-01
7.006684541702270508e-01
3.005146384239196777e-01
6.930771470069885254e-01
3.126325905323028564e-01
6.478789448738098145e-01
2.962934076786041260e-01
5.334557294845581055e-01
2.981023192405700684e-01
5.456672310829162598e-01
3.968224227428436279e-01
4.406548440456390381e-01
3.090641796588897705e-01
4.046567082405090332e-01
6.984561681747436523e-01
3.052392005920410156e-01
3.044990897178649902e-01
7.026037573814392090e-01
3.012579083442687988e-01
3.613756299018859863e-01
3.061294555664062500e-01
6.946209073066711426e-01
3.071981966495513916e-01
3.011565208435058594e-01
5.996869206428527832e-01
3.052031397819519043e-01
6.730955243110656738e-01
6.940687298774719238e-01
6.958310604095458984e-01
6.975947022438049316e-01
6.907471418380737305e-01
3.001242578029632568e-01
7.025936245918273926e-01
3.105063736438751221e-01
6.887344121932983398e-01
3.039520978927612305e-01
7.029900550842285156e-01
2.977606058120727539e-01
6.489359140396118164e-01
2.984498143196105957e-01
3.077896237373352051e-01
3.076826035976409912e-01
5.209231972694396973e-01
5.762087106704711914e-01
3.157117962837219238e-01
2.985806763172149658e-01
3.292556703090667725e-01
7.040514349937438965e-01
3.166232705116271973e-01
5.300004482269287109e-01
6.972495913505554199e-01
3.310623168945312500e-01
7.025803923606872559e-01
6.144327521324157715e-01
3.253542482852935791e-01
3.488516211509704590e-01
3.538951575756072998e-01
6.711100339889526367e-01
6.834171414375305176e-01
3.415753245353698730e-01
6.059739589691162109e-01
2.979006767272949219e-01
6.954022645950317383e-01
5.229228734970092773e-01
6.994414329528808594e-01
3.334164917469024658e-01
7.005855441093444824e-01
3.857895433902740479e-01
2.993716895580291748e-01
3.288476765155792236e-01
3.802285194396972656e-01
3.137655556201934814e-01
4.762077927589416504e-01
3.381263315677642822e-01
6.977417469024658203e-01
7.030569314956665039e-01
6.347841620445251465e-01
6.782561540603637695e-01
6.954587101936340332e-01
3.303590714931488037e-01
6.096681952476501465e-01
5.095132589340209961e-01
3.122658729553222656e-01
7.022460699081420898e-01
4.011027216911315918e-01
3.196398913860321045e-01
5.665265321731567383e-01
6.970391273498535156e-01
6.978293657302856445e-01
3.089040517807006836e-01
6.910907030105590820e-01
3.990727365016937256e-01
4.676070213317871094e-01
2.996653616428375244e-01
7.013509869575500488e-01
6.987605094909667969e-01
7.040703892707824707e-01
4.319818913936614990e-01
3.434059619903564453e-01
2.999522686004638672e-01
6.569620370864868164e-01
3.755088448524475098e-01
5.343180298805236816e-01
3.551334142684936523e-01
6.998705863952636719e-01
3.239756226539611816e-01
3.566615581512451172e-01
3.035328686237335205e-01
6.847591996192932129e-01
6.957936882972717285e-01
3.169043064117431641e-01
3.019309639930725098e-01
3.062657713890075684e-01
5.386410951614379883e-01
3.002258241176605225e-01
3.104715645313262939e-01
6.950206160545349121e-01
3.569741547107696533e-01
5.287225246429443359e-01
6.846611499786376953e-01
3.221807479858398438e-01
6.482462286949157715e-01
3.119579851627349854e-01
4.621586203575134277e-01
2.966203987598419189e-01
7.030555009841918945e-01
3.033913075923919678e-01
7.013235688209533691e-01
6.906341910362243652e-01
2.976255714893341064e-01
3.058561682701110840e-01
2.982245981693267822e-01
3.520729839801788330e-01
2.969585657119750977e-01
6.941648721694946289e-01
5.623411536216735840e-01
5.570357441902160645e-01
6.635429859161376953e-01
3.188186287879943848e-01
3.205673992633819580e-01
5.976547598838806152e-01
3.457991778850555420e-01
7.036322355270385742e-01
6.841306090354919434e-01
3.190069198608398438e-01
6.894617080688476562e-01
4.623919725418090820e-01
3.130016326904296875e-01
7.017906904220581055e-01
6.788768172264099121e-01
3.350482285022735596e-01
3.001222014427185059e-01
4.057948887348175049e-01
6.643793582916259766e-01
6.080348491668701172e-01
5.434628725051879883e-01
3.061702847480773926e-01
3.193652033805847168e-01
6.260163784027099609e-01
4.247844219207763672e-01
4.776361882686614990e-01
6.855465769767761230e-01
7.020977735519409180e-01
7.037172913551330566e-01
6.682007312774658203e-01
3.071473538875579834e-01
3.007142245769500732e-01
6.693916320800781250e-01
3.018918633460998535e-01
6.827002167701721191e-01
3.446734249591827393e-01
3.028676509857177734e-01
7.015819549560546875e-01
6.524963378906250000e-01
6.367427110671997070e-01
4.162692427635192871e-01
5.921849608421325684e-01
4.294674992561340332e-01
6.570216417312622070e-01
6.578695774078369141e-01
2.997234463691711426e-01
3.060676157474517822e-01
6.956676244735717773e-01
3.626903593540191650e-01
6.834608316421508789e-01
3.095535933971405029e-01
3.048085272312164307e-01
7.012006640434265137e-01
6.982161998748779297e-01
3.015157282352447510e-01
5.526553392410278320e-01
3.661862909793853760e-01
3.959765434265136719e-01
6.963209509849548340e-01
4.144911170005798340e-01
4.055042564868927002e-01
7.026078104972839355e-01
6.832420825958251953e-01
6.583076715469360352e-01
3.160586953163146973e-01
6.988748311996459961e-01
3.116078078746795654e-01
5.800003409385681152e-01
7.021568417549133301e-01
6.851168870925903320e-01
3.050650060176849365e-01
6.902973055839538574e-01
6.364755034446716309e-01
6.782851815223693848e-01
4.177578687667846680e-01
3.320658206939697266e-01
6.316705346107482910e-01
6.727861166000366211e-01
6.888609528541564941e-01
3.047061860561370850e-01
3.188240826129913330e-01
4.510700702667236328e-01
6.696884036064147949e-01
6.407074928283691406e-01
3.810454905033111572e-01
2.977867722511291504e-01
5.994871258735656738e-01
3.903360664844512939e-01
3.138369023799896240e-01
6.989121437072753906e-01
3.181123137474060059e-01
7.007013559341430664e-01
4.159826040267944336e-01
3.506972789764404297e-01
5.930997133255004883e-01
2.975831627845764160e-01
3.394481837749481201e-01
6.691831350326538086e-01
4.410875737667083740e-01
2.968747317790985107e-01
3.954957723617553711e-01
6.672178506851196289e-01
7.031598091125488281e-01
6.561291813850402832e-01
4.373140931129455566e-01
7.039991021156311035e-01
3.102367222309112549e-01
6.995462179183959961e-01
6.902544498443603516e-01
6.890775561332702637e-01
6.962163448333740234e-01
6.984258294105529785e-01
6.280070543289184570e-01
6.938730478286743164e-01
6.732982397079467773e-01
3.926116526126861572e-01
3.004864454269409180e-01
6.893807053565979004e-01
3.058534264564514160e-01
6.573509573936462402e-01
6.562942862510681152e-01
4.885025024414062500e-01
3.081011474132537842e-01
3.009877800941467285e-01
6.579303741455078125e-01
7.038673758506774902e-01
3.101346790790557861e-01
6.958714723587036133e-01
5.710326433181762695e-01
6.868665814399719238e-01
6.938322186470031738e-01
6.735811829566955566e-01
6.458691358566284180e-01
3.687846958637237549e-01
3.318866193294525146e-01
6.208072304725646973e-01
3.894091248512268066e-01
3.055111467838287354e-01
3.028001189231872559e-01
3.147679865360260010e-01
3.025351166725158691e-01
3.105810284614562988e-01
3.786498010158538818e-01
5.137864947319030762e-01
3.886775374412536621e-01
6.919660568237304688e-01
4.666900336742401123e-01
7.033396363258361816e-01
6.491332054138183594e-01
6.375303864479064941e-01
3.039966523647308350e-01
5.548766255378723145e-01
3.087183833122253418e-01
3.423449993133544922e-01
3.533318340778350830e-01
3.142180740833282471e-01
5.887381434440612793e-01
6.944140791893005371e-01
6.844142675399780273e-01
3.192062675952911377e-01
3.074425756931304932e-01
4.174875020980834961e-01
6.938444972038269043e-01
6.929878592491149902e-01
6.865592002868652344e-01
3.422958254814147949e-01
3.121649622917175293e-01
6.805667281150817871e-01
7.019632458686828613e-01
3.260898590087890625e-01
2.999920845031738281e-01
2.994590401649475098e-01
2.972550988197326660e-01
5.846527814865112305e-01
7.011760473251342773e-01
7.024096846580505371e-01
3.186033368110656738e-01
6.792548298835754395e-01
2.980248332023620605e-01
7.036890983581542969e-01
7.042457461357116699e-01
3.062178492546081543e-01
6.913121938705444336e-01
6.747959852218627930e-01
6.161739230155944824e-01
6.854712367057800293e-01
3.538901805877685547e-01
6.190766096115112305e-01
3.398706614971160889e-01
3.018930256366729736e-01
7.031455636024475098e-01
6.972240805625915527e-01
7.010037899017333984e-01
5.390527844429016113e-01
6.971784234046936035e-01
4.056380689144134521e-01
3.095638155937194824e-01
3.307083249092102051e-01
2.986536324024200439e-01
5.751971006393432617e-01
7.027298212051391602e-01
3.009136617183685303e-01
5.526887774467468262e-01
4.413752555847167969e-01
7.018269300460815430e-01
3.154260218143463135e-01
3.038130998611450195e-01
3.262032866477966309e-01
6.885682344436645508e-01
6.688194870948791504e-01
5.490117669105529785e-01
3.250030279159545898e-01
3.009355366230010986e-01
3.045938611030578613e-01
6.887933611869812012e-01
6.991569995880126953e-01
5.356629490852355957e-01
7.037563323974609375e-01
6.689023375511169434e-01
6.974051594734191895e-01
6.931988000869750977e-01
3.248373568058013916e-01
3.093024492263793945e-01
3.100197613239288330e-01
7.037225365638732910e-01
7.011786103248596191e-01
6.996374130249023438e-01
4.573858380317687988e-01
3.069185912609100342e-01
6.953493356704711914e-01
4.935612678527832031e-01
2.985233068466186523e-01
3.985273540019989014e-01
6.175007224082946777e-01
6.970494389533996582e-01
6.829171180725097656e-01
3.769475221633911133e-01
7.040964365005493164e-01
7.012040019035339355e-01
3.933403789997100830e-01
6.845757961273193359e-01
7.002661824226379395e-01
6.906390786170959473e-01
2.969410419464111328e-01
6.942939162254333496e-01
4.603987932205200195e-01
7.017408013343811035e-01
3.136737644672393799e-01
6.937109827995300293e-01
6.849457025527954102e-01
3.274471163749694824e-01
3.351052105426788330e-01
7.021002173423767090e-01
4.903641343116760254e-01
3.105027079582214355e-01
5.069793462753295898e-01
7.010398507118225098e-01
6.864907741546630859e-01
2.984162867069244385e-01
4.850599765777587891e-01
6.939934492111206055e-01
3.021039664745330811e-01
7.029752731323242188e-01
6.837772727012634277e-01
2.979805767536163330e-01
5.213489532470703125e-01
6.978802084922790527e-01
3.312955498695373535e-01
6.928741335868835449e-01
3.198782205581665039e-01
4.633664488792419434e-01
5.608483552932739258e-01
7.018401026725769043e-01
3.317226469516754150e-01
3.469575345516204834e-01
6.412883400917053223e-01
7.015888690948486328e-01
3.080402314662933350e-01
5.174742937088012695e-01
5.907874107360839844e-01
3.692153096199035645e-01
6.945827603340148926e-01
6.977016329765319824e-01
6.931450963020324707e-01
6.271285414695739746e-01
3.869227766990661621e-01
4.428769350051879883e-01
3.024031817913055420e-01
6.985611915588378906e-01
6.005324125289916992e-01
6.402637958526611328e-01
6.968416571617126465e-01
3.178783059120178223e-01
4.465881884098052979e-01
3.574149608612060547e-01
2.970082461833953857e-01
6.726924180984497070e-01
3.508546054363250732e-01
3.033479750156402588e-01
6.939208507537841797e-01
6.876442432403564453e-01
4.946712851524353027e-01
3.026850521564483643e-01
3.182111680507659912e-01
3.726915717124938965e-01
3.277767300605773926e-01
7.018633484840393066e-01
3.187035620212554932e-01
6.949158310890197754e-01
5.971174836158752441e-01
3.076657056808471680e-01
6.959355473518371582e-01
4.610807597637176514e-01
7.030975818634033203e-01
2.991138696670532227e-01
3.030416369438171387e-01
6.374802589416503906e-01
2.983222901821136475e-01
5.009312033653259277e-01
3.030641674995422363e-01
7.030386328697204590e-01
3.335306942462921143e-01
3.838646411895751953e-01
7.017253041267395020e-01
3.094519972801208496e-01
6.861414313316345215e-01
6.300767064094543457e-01
6.776978373527526855e-01
6.535527110099792480e-01
4.069999754428863525e-01
6.946415901184082031e-01
5.660480260848999023e-01
3.471662700176239014e-01
6.866375207901000977e-01
3.019529879093170166e-01
6.987200379371643066e-01
2.985982894897460938e-01
7.033048272132873535e-01
6.877773404121398926e-01
3.123234510421752930e-01
3.169458508491516113e-01
3.007576465606689453e-01
5.617814064025878906e-01
6.902964115142822266e-01
4.588734209537506104e-01
5.520288944244384766e-01
3.014833033084869385e-01
4.592072963714599609e-01
6.658520698547363281e-01
7.030628919601440430e-01
5.656518340110778809e-01
7.034865617752075195e-01
3.771914541721343994e-01
6.814367771148681641e-01
6.654219627380371094e-01
4.823253452777862549e-01
3.272515237331390381e-01
6.986002326011657715e-01
4.285450279712677002e-01
6.916176080703735352e-01
3.058902025222778320e-01
6.926581859588623047e-01
3.031525015830993652e-01
4.881495535373687744e-01
3.290612399578094482e-01
6.682013869285583496e-01
5.303835868835449219e-01
6.958665847778320312e-01
3.440547585487365723e-01
2.977330386638641357e-01
3.636502325534820557e-01
3.221722543239593506e-01
6.943908333778381348e-01
3.073554337024688721e-01
6.946738958358764648e-01
6.507022976875305176e-01
7.024672031402587891e-01
3.691493868827819824e-01
5.872843861579895020e-01
3.032614290714263916e-01
4.199460148811340332e-01
7.037563323974609375e-01
6.739634275436401367e-01
2.976397275924682617e-01
3.069979250431060791e-01
4.019197225570678711e-01
7.003687620162963867e-01
6.830058693885803223e-01
6.688577532768249512e-01
6.438990831375122070e-01
3.060997128486633301e-01
2.999949753284454346e-01
3.452438414096832275e-01
2.966297864913940430e-01
6.150854825973510742e-01
7.026596665382385254e-01
7.018286585807800293e-01
3.821760416030883789e-01
7.024039626121520996e-01
4.086365401744842529e-01
5.354132652282714844e-01
6.340735554695129395e-01
3.082647025585174561e-01
3.860541880130767822e-01
6.811534762382507324e-01
6.918763518333435059e-01
3.048277795314788818e-01
3.016927838325500488e-01
7.041624188423156738e-01
3.033820986747741699e-01
3.161503076553344727e-01
5.988947153091430664e-01
3.775358796119689941e-01
5.972021818161010742e-01
6.708657741546630859e-01
6.595218181610107422e-01
6.179025769233703613e-01
6.964485049247741699e-01
3.031910359859466553e-01
6.856846809387207031e-01
3.630688786506652832e-01
3.002366125583648682e-01
5.410330891609191895e-01
3.761781156063079834e-01
3.483781516551971436e-01
6.989134550094604492e-01
3.014011085033416748e-01
7.041885256767272949e-01
3.050981462001800537e-01
4.067763090133666992e-01
6.788490414619445801e-01
2.969675362110137939e-01
6.932123303413391113e-01
7.011394500732421875e-01
3.022716045379638672e-01
7.030892968177795410e-01
3.026237785816192627e-01
4.211934208869934082e-01
4.608099460601806641e-01
7.034069895744323730e-01
6.902456879615783691e-01
2.979714870452880859e-01
5.508816242218017578e-01
2.974434792995452881e-01
5.123682022094726562e-01
7.028698325157165527e-01
6.799388527870178223e-01
3.394005000591278076e-01
3.096190094947814941e-01
3.038331270217895508e-01
3.120149970054626465e-01
2.968666255474090576e-01
7.032981514930725098e-01
7.029394507408142090e-01
3.249472081661224365e-01
7.025745511054992676e-01
6.077012419700622559e-01
3.502948284149169922e-01
3.081951141357421875e-01
3.063520193099975586e-01
5.574258565902709961e-01
3.865468800067901611e-01
4.593302011489868164e-01
7.029182314872741699e-01
4.063733816146850586e-01
7.011640667915344238e-01
3.003965914249420166e-01
3.098140060901641846e-01
4.011563956737518311e-01
6.729159355163574219e-01
6.997650265693664551e-01
6.293709874153137207e-01
7.027428746223449707e-01
6.874805092811584473e-01
5.849278569221496582e-01
6.300216913223266602e-01
6.648588180541992188e-01
7.027939558029174805e-01
6.843954324722290039e-01
6.745952963829040527e-01
7.020572423934936523e-01
4.538036584854125977e-01
3.252055346965789795e-01
7.029884457588195801e-01
3.143379688262939453e-01
5.369749069213867188e-01
3.067231774330139160e-01
6.725937128067016602e-01
4.865192770957946777e-01
6.753121018409729004e-01
6.643511056900024414e-01
3.715745806694030762e-01
6.926923394203186035e-01
2.977115511894226074e-01
3.438015282154083252e-01
3.159229457378387451e-01
6.974312663078308105e-01
3.020921945571899414e-01
3.097101449966430664e-01
6.986002922058105469e-01
3.632206916809082031e-01
6.987637281417846680e-01
5.430400967597961426e-01
7.022566199302673340e-01
5.517891645431518555e-01
3.338188230991363525e-01
6.231079101562500000e-01
6.547455191612243652e-01
3.640516698360443115e-01
6.304351687431335449e-01
7.000924944877624512e-01
3.002870976924896240e-01
3.029452562332153320e-01
5.563136339187622070e-01
4.752035140991210938e-01
3.008204996585845947e-01
6.721941232681274414e-01
3.443317115306854248e-01
2.969088852405548096e-01
3.055633008480072021e-01
3.670940399169921875e-01
3.205830752849578857e-01
3.752796053886413574e-01
3.248033225536346436e-01
3.036436140537261963e-01
6.948745846748352051e-01
3.128236830234527588e-01
6.693475842475891113e-01
6.909654736518859863e-01
7.018377780914306641e-01
5.311931967735290527e-01
5.210291147232055664e-01
3.003436923027038574e-01
6.017084717750549316e-01
6.992876529693603516e-01
6.982583999633789062e-01
6.978335380554199219e-01
4.922938346862792969e-01
2.967451512813568115e-01
6.716283559799194336e-01
3.089228272438049316e-01
6.261302232742309570e-01
6.996593475341796875e-01
6.835278868675231934e-01
6.205340027809143066e-01
5.781902074813842773e-01
3.217486739158630371e-01
3.017673790454864502e-01
3.344913423061370850e-01
3.634492456912994385e-01
3.201133608818054199e-01
3.617082536220550537e-01
7.029151916503906250e-01
5.660417675971984863e-01
2.969413995742797852e-01
6.691696643829345703e-01
6.346296668052673340e-01
7.007428407669067383e-01
6.941852569580078125e-01
5.543447136878967285e-01
6.968731880187988281e-01
6.865544915199279785e-01
3.401149809360504150e-01
7.037774920463562012e-01
3.304166793823242188e-01
4.689944386482238770e-01
6.376969814300537109e-01
3.491523563861846924e-01
6.959106922149658203e-01
7.037907242774963379e-01
4.152950644493103027e-01
6.521781086921691895e-01
3.314217031002044678e-01
3.625364005565643311e-01
6.781448721885681152e-01
3.143342137336730957e-01
6.953495144844055176e-01
3.029786944389343262e-01
6.558627486228942871e-01
3.007386028766632080e-01
3.538367152214050293e-01
3.050786554813385010e-01
3.361335396766662598e-01
5.719787478446960449e-01
6.992571949958801270e-01
3.862884938716888428e-01
5.487933158874511719e-01
7.044326663017272949e-01
7.023080587387084961e-01
3.098757565021514893e-01
6.231319308280944824e-01
6.931743621826171875e-01
5.570997595787048340e-01
6.967515349388122559e-01
4.731691777706146240e-01
6.516392230987548828e-01
3.053096234798431396e-01
3.537241816520690918e-01
7.014592289924621582e-01
6.931843161582946777e-01
5.587937235832214355e-01
6.724089384078979492e-01
6.742358803749084473e-01
6.080742478370666504e-01
3.329420089721679688e-01
3.072995841503143311e-01
3.046022653579711914e-01
4.221442043781280518e-01
6.835756301879882812e-01
2.958220243453979492e-01
6.962335705757141113e-01
6.371890306472778320e-01
7.042442560195922852e-01
3.616343140602111816e-01
6.969169974327087402e-01
3.012503981590270996e-01
6.172944307327270508e-01
2.999145686626434326e-01
5.932421684265136719e-01
2.987704277038574219e-01
6.473907828330993652e-01
4.209220707416534424e-01
7.025409340858459473e-01
3.012516498565673828e-01
3.047603964805603027e-01
2.982966601848602295e-01
3.890897929668426514e-01
3.342669904232025146e-01
5.565731525421142578e-01
6.963008046150207520e-01
3.558954000473022461e-01
3.193102478981018066e-01
6.953012943267822266e-01
3.136979639530181885e-01
3.436409533023834229e-01
6.919922828674316406e-01
3.087519705295562744e-01
6.966950297355651855e-01
6.532869338989257812e-01
6.758780479431152344e-01
7.015188336372375488e-01
2.990244328975677490e-01
6.783725023269653320e-01
3.717009127140045166e-01
7.027685642242431641e-01
3.412403762340545654e-01
2.967998087406158447e-01
3.466164767742156982e-01
6.803272962570190430e-01
4.689513742923736572e-01
4.106751382350921631e-01
6.843591928482055664e-01
2.968083322048187256e-01
3.128576874732971191e-01
3.621874153614044189e-01
6.669022440910339355e-01
7.016738653182983398e-01
3.866770863533020020e-01
6.776162385940551758e-01
6.320636868476867676e-01
6.238917708396911621e-01
3.362223505973815918e-01
5.576685667037963867e-01
6.458748579025268555e-01
6.309247016906738281e-01
6.251825094223022461e-01
3.034093976020812988e-01
5.660795569419860840e-01
4.918161928653717041e-01
3.321160972118377686e-01
6.894800662994384766e-01
2.997414767742156982e-01
3.894699513912200928e-01
6.916430592536926270e-01
6.741650700569152832e-01
3.145466446876525879e-01
4.808394014835357666e-01
6.853131651878356934e-01
3.268111646175384521e-01
6.696439981460571289e-01
3.032366037368774414e-01
5.978509187698364258e-01
2.961162626743316650e-01
3.484758734703063965e-01
6.546268463134765625e-01
6.958937644958496094e-01
6.992095112800598145e-01
6.488062739372253418e-01
5.501760244369506836e-01
5.485253334045410156e-01
3.114772737026214600e-01
6.614687442779541016e-01
4.464705288410186768e-01
6.934977173805236816e-01
3.372094035148620605e-01
3.379671871662139893e-01
3.336106836795806885e-01
3.777313232421875000e-01
3.086392283439636230e-01
7.000157833099365234e-01
3.036749064922332764e-01
6.915020346641540527e-01
3.220758140087127686e-01
6.932369470596313477e-01
3.375135660171508789e-01
6.336412429809570312e-01
4.113301634788513184e-01
6.998240947723388672e-01
5.253641009330749512e-01
3.018240928649902344e-01
6.511914730072021484e-01
3.445478677749633789e-01
6.431842446327209473e-01
7.024896144866943359e-01
3.272220492362976074e-01
7.004513144493103027e-01
3.131994307041168213e-01
3.381546437740325928e-01
3.015080094337463379e-01
7.037202715873718262e-01
7.027831673622131348e-01
2.962760925292968750e-01
4.252610802650451660e-01
3.159881830215454102e-01
6.615858078002929688e-01
6.893312335014343262e-01
2.977328598499298096e-01
3.095957338809967041e-01
3.239762783050537109e-01
3.008226454257965088e-01
5.357024669647216797e-01
3.109893202781677246e-01
6.680611371994018555e-01
6.784744262695312500e-01
6.920422911643981934e-01
7.040633559226989746e-01
3.227858841419219971e-01
7.020344138145446777e-01
7.042859792709350586e-01
5.754314661026000977e-01
6.355816721916198730e-01
6.880999803543090820e-01
3.072482645511627197e-01
5.559192299842834473e-01
7.008150219917297363e-01
6.262218952178955078e-01
2.984663844108581543e-01
4.195130467414855957e-01
2.973182201385498047e-01
6.894596219062805176e-01
2.995286285877227783e-01
4.691524505615234375e-01
7.035769224166870117e-01
6.784290671348571777e-01
6.315423250198364258e-01
5.173997282981872559e-01
4.313462078571319580e-01
4.644376635551452637e-01
3.019095063209533691e-01
6.937333941459655762e-01
7.014644742012023926e-01
4.483246505260467529e-01
6.279948353767395020e-01
6.904405355453491211e-01
7.037448883056640625e-01
6.372023224830627441e-01
6.493054628372192383e-01
3.269438743591308594e-01
3.546497821807861328e-01
3.105990290641784668e-01
5.518556237220764160e-01
3.024819195270538330e-01
6.853047609329223633e-01
3.269239962100982666e-01
7.041296362876892090e-01
3.211660385131835938e-01
3.543592095375061035e-01
7.043232321739196777e-01
6.593066453933715820e-01
7.017488479614257812e-01
4.612005949020385742e-01
6.381342411041259766e-01
3.003660142421722412e-01
3.834837079048156738e-01
7.032960057258605957e-01
3.174947202205657959e-01
5.931011438369750977e-01
2.964990437030792236e-01
7.030292153358459473e-01
3.111599981784820557e-01
4.987342953681945801e-01
3.169671297073364258e-01
3.149699866771697998e-01
3.123712837696075439e-01
3.284797370433807373e-01
3.213081955909729004e-01
7.006993889808654785e-01
3.784830868244171143e-01
6.561636328697204590e-01
5.015693306922912598e-01
5.552125573158264160e-01
6.581957340240478516e-01
5.521792769432067871e-01
3.058966398239135742e-01
7.010644674301147461e-01
3.930429220199584961e-01
6.549263000488281250e-01
6.599653959274291992e-01
6.469885706901550293e-01
3.227555155754089355e-01
3.181178867816925049e-01
3.092460930347442627e-01
3.175254762172698975e-01
4.469393491744995117e-01
2.962365150451660156e-01
4.145490825176239014e-01
3.242973983287811279e-01
3.287369012832641602e-01
6.798037290573120117e-01
7.044304013252258301e-01
6.003568768501281738e-01
3.096425831317901611e-01
3.544600009918212891e-01
4.412595033645629883e-01
3.234056532382965088e-01
6.431758999824523926e-01
6.924948096275329590e-01
6.761770844459533691e-01
3.008341789245605469e-01
3.023889362812042236e-01
7.015369534492492676e-01
5.815389156341552734e-01
3.222462832927703857e-01
7.035555243492126465e-01
6.845850944519042969e-01
6.874527931213378906e-01
3.028046786785125732e-01
2.995335757732391357e-01
6.956940293312072754e-01
4.058551192283630371e-01
6.750051975250244141e-01
3.193717896938323975e-01
3.082903623580932617e-01
3.241265714168548584e-01
6.967769861221313477e-01
6.443406939506530762e-01
2.992103695869445801e-01
7.006105780601501465e-01
4.697231948375701904e-01
6.954600811004638672e-01
3.056745529174804688e-01
3.012844324111938477e-01
4.070275723934173584e-01
4.017567336559295654e-01
6.785076856613159180e-01
4.492669701576232910e-01
3.264298141002655029e-01
4.685838222503662109e-01
5.002211332321166992e-01
3.843695521354675293e-01
3.104704916477203369e-01
6.967644095420837402e-01
6.378032565116882324e-01
7.036492824554443359e-01
3.960266411304473877e-01
3.492935299873352051e-01
6.021802425384521484e-01
7.016627192497253418e-01
4.249041080474853516e-01
6.939958930015563965e-01
7.015138268470764160e-01
6.888822913169860840e-01
6.928191184997558594e-01
6.650994420051574707e-01
6.972988247871398926e-01
6.689263582229614258e-01
3.008072078227996826e-01
3.632777333259582520e-01
3.354106843471527100e-01
3.010522127151489258e-01
3.098379373550415039e-01
6.980448365211486816e-01
7.028767466545104980e-01
6.314985156059265137e-01
4.674818217754364014e-01
4.640291631221771240e-01
7.022811770439147949e-01
4.424297511577606201e-01
3.055674135684967041e-01
3.027616143226623535e-01
3.008988201618194580e-01
3.577143549919128418e-01
6.961643695831298828e-01
7.039957642555236816e-01
3.247549831867218018e-01
2.992253303527832031e-01
4.513065516948699951e-01
3.117966949939727783e-01
3.606751859188079834e-01
7.013797163963317871e-01
6.828326582908630371e-01
6.903669834136962891e-01
3.419223725795745850e-01
6.704952120780944824e-01
6.987017989158630371e-01
3.083406388759613037e-01
5.091058015823364258e-01
3.403261601924896240e-01
2.960535585880279541e-01
7.009890675544738770e-01
6.998119354248046875e-01
6.976494193077087402e-01
3.044605851173400879e-01
3.768203854560852051e-01
3.357620537281036377e-01
6.329647898674011230e-01
4.500025510787963867e-01
4.640164375305175781e-01
4.888939261436462402e-01
4.918581843376159668e-01
3.041051924228668213e-01
7.040038108825683594e-01
6.309280991554260254e-01
3.173137307167053223e-01
6.906182169914245605e-01
4.131673276424407959e-01
6.885809302330017090e-01
6.882934570312500000e-01
5.737727284431457520e-01
7.015835642814636230e-01
3.079170286655426025e-01
3.229506611824035645e-01
6.948302388191223145e-01
3.524591326713562012e-01
7.029139399528503418e-01
7.039455175399780273e-01
6.997175216674804688e-01
2.968313097953796387e-01
6.926283836364746094e-01
3.967600166797637939e-01
3.469294905662536621e-01
7.022347450256347656e-01
6.942992806434631348e-01
3.028553128242492676e-01
7.016524672508239746e-01
3.286107480525970459e-01
5.923134088516235352e-01
4.109684228897094727e-01
6.151165962219238281e-01
3.604864478111267090e-01
7.025382518768310547e-01
7.039126157760620117e-01
3.460828363895416260e-01
3.324971497058868408e-01
2.981199324131011963e-01
5.136277675628662109e-01
3.262101113796234131e-01
2.987338006496429443e-01
2.985651791095733643e-01
7.019487619400024414e-01
7.000607252120971680e-01
2.997615933418273926e-01
3.237753510475158691e-01
2.973560392856597900e-01
3.150372505187988281e-01
6.174560189247131348e-01
3.035977184772491455e-01
7.029354572296142578e-01
2.967233061790466309e-01
6.035818457603454590e-01
6.284048557281494141e-01
3.286771774291992188e-01
5.897141098976135254e-01
3.004560172557830811e-01
6.970825791358947754e-01
6.766558289527893066e-01
3.270233273506164551e-01
3.068049550056457520e-01
6.993217468261718750e-01
6.736736893653869629e-01
3.251886367797851562e-01
6.691350936889648438e-01
3.007063567638397217e-01
4.592488408088684082e-01
7.002829313278198242e-01
3.581939637660980225e-01
3.085767924785614014e-01
3.183639347553253174e-01
6.228438615798950195e-01
3.382351994514465332e-01
5.126537084579467773e-01
7.034412622451782227e-01
4.486924707889556885e-01
6.429186463356018066e-01
5.803751945495605469e-01
3.023123443126678467e-01
6.475757360458374023e-01
3.803922533988952637e-01
3.860113918781280518e-01
6.983448863029479980e-01
3.060351014137268066e-01
7.037369608879089355e-01
5.332030057907104492e-01
7.039705514907836914e-01
6.758661270141601562e-01
7.036275267601013184e-01
3.294108808040618896e-01
3.045113384723663330e-01
6.836575865745544434e-01
5.271183848381042480e-01
6.996381282806396484e-01
6.925112605094909668e-01
3.304380476474761963e-01
3.269736468791961670e-01
6.429612636566162109e-01
7.034856081008911133e-01
4.015890955924987793e-01
3.009061515331268311e-01
7.010116577148437500e-01
3.287469446659088135e-01
3.183338046073913574e-01
7.014373540878295898e-01
6.945936083793640137e-01
7.033135890960693359e-01
3.185681402683258057e-01
3.194224834442138672e-01
2.976325154304504395e-01
3.005785644054412842e-01
4.064346551895141602e-01
7.035946846008300781e-01
5.608164072036743164e-01
6.993347406387329102e-01
5.533414483070373535e-01
6.952989101409912109e-01
7.021054029464721680e-01
4.028667807579040527e-01
5.719924569129943848e-01
4.777429997920989990e-01
3.723863959312438965e-01
3.743019998073577881e-01
6.972687840461730957e-01
3.004190325736999512e-01
3.064438402652740479e-01
2.986663579940795898e-01
7.041723728179931641e-01
3.264915347099304199e-01
5.216937065124511719e-01
6.576850414276123047e-01
3.194920718669891357e-01
6.468957066535949707e-01
5.664386749267578125e-01
3.787666261196136475e-01
3.083679080009460449e-01
2.993324995040893555e-01
7.020084857940673828e-01
7.037517428398132324e-01
3.100886046886444092e-01
6.952664852142333984e-01
6.603820919990539551e-01
5.459607839584350586e-01
6.958793997764587402e-01
5.739954113960266113e-01
6.779250502586364746e-01
5.389930605888366699e-01
3.671541810035705566e-01
3.387374281883239746e-01
3.926204741001129150e-01
6.865791678428649902e-01
7.009416818618774414e-01
5.482290983200073242e-01
3.253429830074310303e-01
6.849758028984069824e-01
6.922544240951538086e-01
6.863999962806701660e-01
5.503994822502136230e-01
7.000665068626403809e-01
2.986214458942413330e-01
4.139699637889862061e-01
3.534024357795715332e-01
2.974355518817901611e-01
4.296242594718933105e-01
3.059290349483489990e-01
6.903464198112487793e-01
6.601089239120483398e-01
3.093086481094360352e-01
7.038547992706298828e-01
4.123868346214294434e-01
4.812031090259552002e-01
7.005289793014526367e-01
6.961418390274047852e-01
6.626850366592407227e-01
6.083263158798217773e-01
3.701475560665130615e-01
4.062809944152832031e-01
5.842922329902648926e-01
6.986621022224426270e-01
2.997212111949920654e-01
6.506003737449645996e-01
6.941443681716918945e-01
7.023876905441284180e-01
7.038052082061767578e-01
3.428171873092651367e-01
3.310708105564117432e-01
4.391311407089233398e-01
7.029171586036682129e-01
3.016369938850402832e-01
3.380453884601593018e-01
6.924911737442016602e-01
6.157115697860717773e-01
5.442972183227539062e-01
3.076226115226745605e-01
4.631207585334777832e-01
3.248212933540344238e-01
3.726319968700408936e-01
3.068661689758300781e-01
3.067246675491333008e-01
3.048287630081176758e-01
6.916432976722717285e-01
3.003500998020172119e-01
3.161909580230712891e-01
4.045675694942474365e-01
6.634970903396606445e-01
7.040601968765258789e-01
5.698037147521972656e-01
3.026652932167053223e-01
3.519066274166107178e-01
4.237494170665740967e-01
4.584394097328186035e-01
3.003019988536834717e-01
6.966576576232910156e-01
6.175448298454284668e-01
3.012122213840484619e-01
6.848513484001159668e-01
6.443186998367309570e-01
6.896225214004516602e-01
7.001462578773498535e-01
6.963889002799987793e-01
3.054158389568328857e-01
6.933682560920715332e-01
6.439150571823120117e-01
6.993137001991271973e-01
3.599443435668945312e-01
3.182245492935180664e-01
5.151306390762329102e-01
6.890629529953002930e-01
7.032915949821472168e-01
6.860472559928894043e-01
4.396542906761169434e-01
6.996043920516967773e-01
3.211303651332855225e-01
4.501654803752899170e-01
3.103999793529510498e-01
3.515490889549255371e-01
3.604033887386322021e-01
3.641032278537750244e-01
6.161532998085021973e-01
3.158271908760070801e-01
6.386860013008117676e-01
4.016573131084442139e-01
3.626228570938110352e-01
7.024626135826110840e-01
2.976407110691070557e-01
6.068277359008789062e-01
6.272715330123901367e-01
7.032504081726074219e-01
