4.951187670230865479e-01
3.007959425449371338e-01
3.001726567745208740e-01
2.989391088485717773e-01
6.382534503936767578e-01
4.804916083812713623e-01
3.392711579799652100e-01
4.139595925807952881e-01
5.970054864883422852e-01
3.212010860443115234e-01
2.975504696369171143e-01
2.985449433326721191e-01
6.439347267150878906e-01
6.317689418792724609e-01
3.332595825195312500e-01
5.618824362754821777e-01
3.000550866127014160e-01
4.601009190082550049e-01
3.132570087909698486e-01
6.839266419410705566e-01
3.306286334991455078e-01
3.299332261085510254e-01
3.574979007244110107e-01
3.700712025165557861e-01
3.028461039066314697e-01
4.061415195465087891e-01
3.833792507648468018e-01
2.977084219455718994e-01
3.036095798015594482e-01
7.029769420623779297e-01
3.005800545215606689e-01
2.980412840843200684e-01
4.880210161209106445e-01
6.961381435394287109e-01
3.025267124176025391e-01
4.127290546894073486e-01
6.126744151115417480e-01
3.088028430938720703e-01
6.544488072395324707e-01
2.985412180423736572e-01
7.012378573417663574e-01
6.422811746597290039e-01
6.638182997703552246e-01
5.795552730560302734e-01
3.510946333408355713e-01
5.876083970069885254e-01
6.871553063392639160e-01
6.930546164512634277e-01
3.057782351970672607e-01
3.059304356575012207e-01
3.077715635299682617e-01
3.143981099128723145e-01
3.028723299503326416e-01
4.066225290298461914e-01
6.333348155021667480e-01
3.015472888946533203e-01
6.744313836097717285e-01
3.792659044265747070e-01
3.332622349262237549e-01
6.810605525970458984e-01
2.972406744956970215e-01
3.087080121040344238e-01
5.348896384239196777e-01
5.630843639373779297e-01
6.171752214431762695e-01
4.075259566307067871e-01
6.024024486541748047e-01
2.975410819053649902e-01
5.311212539672851562e-01
3.002253174781799316e-01
3.950437903404235840e-01
6.393034458160400391e-01
3.186930418014526367e-01
6.493064165115356445e-01
3.015942573547363281e-01
6.124258637428283691e-01
3.047721982002258301e-01
3.054664433002471924e-01
5.917460322380065918e-01
3.010677397251129150e-01
3.280088305473327637e-01
5.591545701026916504e-01
3.465647697448730469e-01
3.689844012260437012e-01
6.658790111541748047e-01
6.988204121589660645e-01
3.695254027843475342e-01
3.098656833171844482e-01
7.032643556594848633e-01
6.879621148109436035e-01
3.483823835849761963e-01
4.551026523113250732e-01
2.972730994224548340e-01
5.999947190284729004e-01
6.925285458564758301e-01
6.903544068336486816e-01
5.792015194892883301e-01
3.054798841476440430e-01
3.226239085197448730e-01
2.964522242546081543e-01
4.439539313316345215e-01
6.493107676506042480e-01
5.406277179718017578e-01
4.193955063819885254e-01
2.985588610172271729e-01
7.024745345115661621e-01
3.106584250926971436e-01
3.238108754158020020e-01
5.612186193466186523e-01
3.349477946758270264e-01
6.336773633956909180e-01
6.859725713729858398e-01
3.863295018672943115e-01
3.085332512855529785e-01
2.971091568470001221e-01
4.896842837333679199e-01
2.980736792087554932e-01
3.031526207923889160e-01
6.396226882934570312e-01
3.109743595123291016e-01
4.383568465709686279e-01
3.157792985439300537e-01
3.059826791286468506e-01
2.965295910835266113e-01
6.882843971252441406e-01
3.007684946060180664e-01
6.657025218009948730e-01
6.638582944869995117e-01
3.087409734725952148e-01
2.977817356586456299e-01
6.975838541984558105e-01
3.063034117221832275e-01
7.008761167526245117e-01
3.028030395507812500e-01
5.978674888610839844e-01
3.103510737419128418e-01
6.330008506774902344e-01
3.040873408317565918e-01
3.048045337200164795e-01
3.946326971054077148e-01
6.975004673004150391e-01
3.021148145198822021e-01
2.998760044574737549e-01
3.050150573253631592e-01
6.372181177139282227e-01
3.005673885345458984e-01
6.270253658294677734e-01
4.218870401382446289e-01
3.098894655704498291e-01
3.008409738540649414e-01
6.796562671661376953e-01
3.012754023075103760e-01
3.019402027130126953e-01
3.047070801258087158e-01
4.513204395771026611e-01
4.147092700004577637e-01
3.087533414363861084e-01
3.170418143272399902e-01
6.995960474014282227e-01
3.247916698455810547e-01
2.983553707599639893e-01
6.030074357986450195e-01
3.194286823272705078e-01
2.975960075855255127e-01
6.404002308845520020e-01
5.512884259223937988e-01
6.087198853492736816e-01
3.307289779186248779e-01
2.973683774471282959e-01
4.054749906063079834e-01
2.975974082946777344e-01
3.085433542728424072e-01
6.109681725502014160e-01
4.670901298522949219e-01
2.981227934360504150e-01
5.876625776290893555e-01
3.020280599594116211e-01
5.748945474624633789e-01
2.963747084140777588e-01
6.234218478202819824e-01
6.277285814285278320e-01
3.132098913192749023e-01
5.642189979553222656e-01
5.253548622131347656e-01
7.035005092620849609e-01
3.676019906997680664e-01
6.389932632446289062e-01
3.180378675460815430e-01
4.298155307769775391e-01
5.673198699951171875e-01
6.670394539833068848e-01
3.024733364582061768e-01
3.016460239887237549e-01
3.002940118312835693e-01
6.935139894485473633e-01
2.976917922496795654e-01
4.817861616611480713e-01
3.025668263435363770e-01
6.977078318595886230e-01
5.909290909767150879e-01
7.012160420417785645e-01
2.983905971050262451e-01
3.400215804576873779e-01
2.981444597244262695e-01
3.136915564537048340e-01
6.280471682548522949e-01
3.038471639156341553e-01
2.999693155288696289e-01
5.274115800857543945e-01
6.512831449508666992e-01
4.410917460918426514e-01
3.364048302173614502e-01
3.013248741626739502e-01
6.472930908203125000e-01
2.971337735652923584e-01
2.965012490749359131e-01
3.121128678321838379e-01
6.446567773818969727e-01
3.227687180042266846e-01
4.082642793655395508e-01
5.331450104713439941e-01
6.873879432678222656e-01
3.230558037757873535e-01
3.308019638061523438e-01
3.073351085186004639e-01
6.925863027572631836e-01
3.009165227413177490e-01
3.957393765449523926e-01
4.485169053077697754e-01
3.026971817016601562e-01
3.718329370021820068e-01
2.973072528839111328e-01
5.985530018806457520e-01
3.893650472164154053e-01
3.033066987991333008e-01
3.063168227672576904e-01
2.967444658279418945e-01
6.757593154907226562e-01
4.934234321117401123e-01
3.144499361515045166e-01
6.992194652557373047e-01
6.982879042625427246e-01
6.983025670051574707e-01
3.165139853954315186e-01
3.698159754276275635e-01
6.127650737762451172e-01
3.056477010250091553e-01
6.320339441299438477e-01
3.363160490989685059e-01
3.046331703662872314e-01
6.785452961921691895e-01
6.825437545776367188e-01
7.035304307937622070e-01
5.507223010063171387e-01
6.623433828353881836e-01
3.064286112785339355e-01
4.793550670146942139e-01
4.521840810775756836e-01
7.029747962951660156e-01
6.497967243194580078e-01
4.518061876296997070e-01
3.707328736782073975e-01
6.984225511550903320e-01
6.820983886718750000e-01
4.890488088130950928e-01
3.050556778907775879e-01
3.007876873016357422e-01
3.020473718643188477e-01
3.021172583103179932e-01
4.053720831871032715e-01
3.114636540412902832e-01
3.088884055614471436e-01
6.986581683158874512e-01
3.065333068370819092e-01
6.681059598922729492e-01
3.036082386970520020e-01
2.975713908672332764e-01
6.889150738716125488e-01
3.716626465320587158e-01
6.885876059532165527e-01
2.967341840267181396e-01
3.001708984375000000e-01
6.959195137023925781e-01
3.029066920280456543e-01
3.391290009021759033e-01
3.422881066799163818e-01
7.009087800979614258e-01
4.901876151561737061e-01
3.258091211318969727e-01
6.939055919647216797e-01
2.989394366741180420e-01
6.921259760856628418e-01
4.107580780982971191e-01
6.618797183036804199e-01
6.862193942070007324e-01
5.306490659713745117e-01
6.127628087997436523e-01
5.864230990409851074e-01
5.119313001632690430e-01
2.961955666542053223e-01
6.862856149673461914e-01
2.987363338470458984e-01
3.402808010578155518e-01
2.986160218715667725e-01
3.087087571620941162e-01
2.985898256301879883e-01
3.046717643737792969e-01
6.650816202163696289e-01
3.301275074481964111e-01
3.357616364955902100e-01
4.084032773971557617e-01
4.598179161548614502e-01
7.007055282592773438e-01
2.999485135078430176e-01
3.283656537532806396e-01
6.907625198364257812e-01
3.037000894546508789e-01
3.103359639644622803e-01
2.967482507228851318e-01
7.036518454551696777e-01
6.983989477157592773e-01
3.004920780658721924e-01
2.982746958732604980e-01
6.923904418945312500e-01
3.255320787429809570e-01
3.676057755947113037e-01
5.891746282577514648e-01
6.991673707962036133e-01
2.972047328948974609e-01
3.077831864356994629e-01
3.087691068649291992e-01
3.961065709590911865e-01
4.949823915958404541e-01
4.455372691154479980e-01
6.208738684654235840e-01
2.973677814006805420e-01
6.803156733512878418e-01
3.706360757350921631e-01
5.064831376075744629e-01
4.625099599361419678e-01
6.003875732421875000e-01
4.759482145309448242e-01
3.044306635856628418e-01
6.980345249176025391e-01
2.966761291027069092e-01
2.992098629474639893e-01
6.317671537399291992e-01
6.042553186416625977e-01
3.518939614295959473e-01
5.227105021476745605e-01
3.905092179775238037e-01
2.986085414886474609e-01
6.789652705192565918e-01
3.027283251285552979e-01
7.024741768836975098e-01
3.062378466129302979e-01
3.046541810035705566e-01
3.199301064014434814e-01
2.969963252544403076e-01
3.034597039222717285e-01
3.390533924102783203e-01
3.204227685928344727e-01
7.040016651153564453e-01
3.117142915725708008e-01
3.892032504081726074e-01
2.996357977390289307e-01
3.442418575286865234e-01
7.039283514022827148e-01
5.881791710853576660e-01
7.003585696220397949e-01
6.956007480621337891e-01
6.872321367263793945e-01
3.111537396907806396e-01
6.460435390472412109e-01
3.133511543273925781e-01
2.978721559047698975e-01
6.905046105384826660e-01
6.995172500610351562e-01
3.052373230457305908e-01
3.341443836688995361e-01
4.013553857803344727e-01
3.004274070262908936e-01
6.209403872489929199e-01
2.972912788391113281e-01
6.217957735061645508e-01
6.734957098960876465e-01
6.978035569190979004e-01
3.053292930126190186e-01
5.044038295745849609e-01
2.972121834754943848e-01
7.020640373229980469e-01
3.260525763034820557e-01
3.081299364566802979e-01
6.331800818443298340e-01
3.066226840019226074e-01
6.728408336639404297e-01
6.958165764808654785e-01
6.945713162422180176e-01
4.163906276226043701e-01
3.350092470645904541e-01
6.814969778060913086e-01
6.947645545005798340e-01
6.980988383293151855e-01
2.986156940460205078e-01
5.165140628814697266e-01
6.859148740768432617e-01
3.192932903766632080e-01
6.985490918159484863e-01
6.919723153114318848e-01
3.251600265502929688e-01
5.074301958084106445e-01
3.332517743110656738e-01
5.231024622917175293e-01
3.351117372512817383e-01
3.925207555294036865e-01
2.981678843498229980e-01
2.966684699058532715e-01
6.413116455078125000e-01
4.864240288734436035e-01
2.992568612098693848e-01
2.964197397232055664e-01
3.052290976047515869e-01
6.401479840278625488e-01
7.001027464866638184e-01
3.083441853523254395e-01
5.716809034347534180e-01
6.289664506912231445e-01
7.011920809745788574e-01
5.865748524665832520e-01
6.792893409729003906e-01
3.047951757907867432e-01
6.896379590034484863e-01
6.956453919410705566e-01
6.079759597778320312e-01
2.985859513282775879e-01
7.015997767448425293e-01
2.971589565277099609e-01
2.961669266223907471e-01
3.429405391216278076e-01
3.670301139354705811e-01
2.979654371738433838e-01
2.975881099700927734e-01
2.998563349246978760e-01
3.125293254852294922e-01
3.244688510894775391e-01
2.977851927280426025e-01
3.145955801010131836e-01
4.109948277473449707e-01
6.743265986442565918e-01
2.984985113143920898e-01
3.091174364089965820e-01
3.933284580707550049e-01
3.000508248805999756e-01
6.552920341491699219e-01
6.269859075546264648e-01
3.628524839878082275e-01
3.217024207115173340e-01
6.997914910316467285e-01
6.805413961410522461e-01
3.039936125278472900e-01
3.734155297279357910e-01
4.992368519306182861e-01
3.044708967208862305e-01
6.823323369026184082e-01
3.063566088676452637e-01
3.021496236324310303e-01
2.964585125446319580e-01
7.035557031631469727e-01
3.100997805595397949e-01
2.975194752216339111e-01
2.991898953914642334e-01
3.084035813808441162e-01
3.336882591247558594e-01
6.552060246467590332e-01
6.924285292625427246e-01
5.998606681823730469e-01
3.569350242614746094e-01
3.064945936203002930e-01
2.973020374774932861e-01
3.433115184307098389e-01
6.999090313911437988e-01
3.983758389949798584e-01
3.210251331329345703e-01
3.071723282337188721e-01
4.541575610637664795e-01
3.057192862033843994e-01
3.459216654300689697e-01
3.471492528915405273e-01
4.045447707176208496e-01
6.302808523178100586e-01
6.099682450294494629e-01
6.990941762924194336e-01
2.971432507038116455e-01
2.972061038017272949e-01
3.111136555671691895e-01
4.024265110492706299e-01
3.616491556167602539e-01
3.061004579067230225e-01
4.456288218498229980e-01
3.486362993717193604e-01
5.306522250175476074e-01
5.361512899398803711e-01
6.831368803977966309e-01
2.994531393051147461e-01
6.703048348426818848e-01
3.128334283828735352e-01
6.924264430999755859e-01
7.004207968711853027e-01
3.055219948291778564e-01
3.546875119209289551e-01
7.029283046722412109e-01
3.048497438430786133e-01
2.966769635677337646e-01
2.971760928630828857e-01
2.977622449398040771e-01
4.202184081077575684e-01
6.532593369483947754e-01
3.035898804664611816e-01
2.962319254875183105e-01
4.623242318630218506e-01
6.897752881050109863e-01
2.973421514034271240e-01
6.509699225425720215e-01
6.291453838348388672e-01
6.835231781005859375e-01
3.840785920619964600e-01
3.365222215652465820e-01
6.618295907974243164e-01
3.025414645671844482e-01
6.904581189155578613e-01
6.405320763587951660e-01
6.611451506614685059e-01
5.028426051139831543e-01
4.434435665607452393e-01
6.922705769538879395e-01
2.989759743213653564e-01
6.842552423477172852e-01
2.961101531982421875e-01
5.997997522354125977e-01
2.996084094047546387e-01
3.374939560890197754e-01
2.967401444911956787e-01
6.436960101127624512e-01
3.018654882907867432e-01
6.919907331466674805e-01
4.586147665977478027e-01
4.886219501495361328e-01
2.965353727340698242e-01
3.760699033737182617e-01
6.084371209144592285e-01
6.704696416854858398e-01
4.118443131446838379e-01
6.958248019218444824e-01
5.548132061958312988e-01
7.006707787513732910e-01
3.060569465160369873e-01
6.691621541976928711e-01
3.265673518180847168e-01
3.282919526100158691e-01
3.102295398712158203e-01
3.487372994422912598e-01
4.205212295055389404e-01
3.821010291576385498e-01
4.984719455242156982e-01
3.047235906124114990e-01
6.987918615341186523e-01
6.771271824836730957e-01
3.046933710575103760e-01
6.923567056655883789e-01
2.991255521774291992e-01
3.118731677532196045e-01
6.753935217857360840e-01
6.352389454841613770e-01
6.996980309486389160e-01
6.944687962532043457e-01
3.026410043239593506e-01
3.368232846260070801e-01
3.033285140991210938e-01
3.426784276962280273e-01
6.936648488044738770e-01
6.611782908439636230e-01
2.965928316116333008e-01
4.869453907012939453e-01
5.473728775978088379e-01
3.046111166477203369e-01
2.977226078510284424e-01
6.745949983596801758e-01
6.902394890785217285e-01
3.562958538532257080e-01
3.039864003658294678e-01
2.969179749488830566e-01
4.972987174987792969e-01
6.672521829605102539e-01
4.040574729442596436e-01
3.169188499450683594e-01
6.836592555046081543e-01
2.989150583744049072e-01
4.667967259883880615e-01
2.965606749057769775e-01
7.012552022933959961e-01
2.968998849391937256e-01
2.966275215148925781e-01
6.730460524559020996e-01
3.393189013004302979e-01
6.910821199417114258e-01
3.161745369434356689e-01
6.992733478546142578e-01
3.008888363838195801e-01
6.756765842437744141e-01
2.972671687602996826e-01
3.231536448001861572e-01
3.581239283084869385e-01
3.074094951152801514e-01
6.073704361915588379e-01
3.550992310047149658e-01
2.979899048805236816e-01
6.301133036613464355e-01
3.054888248443603516e-01
6.322817206382751465e-01
3.840677440166473389e-01
6.827432513236999512e-01
6.957498192787170410e-01
4.596927165985107422e-01
4.890810251235961914e-01
3.000133931636810303e-01
7.018542289733886719e-01
3.543115556240081787e-01
4.667284786701202393e-01
3.062902092933654785e-01
6.944967508316040039e-01
3.371355533599853516e-01
3.443316817283630371e-01
6.944191455841064453e-01
3.490792214870452881e-01
5.797969698905944824e-01
5.867127180099487305e-01
6.587731242179870605e-01
6.329067349433898926e-01
2.982444167137145996e-01
6.788365840911865234e-01
6.825839281082153320e-01
5.265216231346130371e-01
3.008337020874023438e-01
3.886747956275939941e-01
6.776677966117858887e-01
2.979893982410430908e-01
6.646445393562316895e-01
2.969700396060943604e-01
3.533692657947540283e-01
6.885468959808349609e-01
2.972123324871063232e-01
3.030865788459777832e-01
3.247225582599639893e-01
3.104838430881500244e-01
6.862111687660217285e-01
3.360416591167449951e-01
4.917910695075988770e-01
3.787506818771362305e-01
4.222809672355651855e-01
5.644276738166809082e-01
3.026202023029327393e-01
6.775968074798583984e-01
6.953711509704589844e-01
3.161837458610534668e-01
2.976039648056030273e-01
3.809542357921600342e-01
6.484078764915466309e-01
6.593338251113891602e-01
7.002782821655273438e-01
6.925998926162719727e-01
7.021316289901733398e-01
5.262021422386169434e-01
3.036881983280181885e-01
6.745152473449707031e-01
6.924088597297668457e-01
4.316889345645904541e-01
6.932579278945922852e-01
3.171875178813934326e-01
3.064716756343841553e-01
2.999890744686126709e-01
5.206358432769775391e-01
3.012114465236663818e-01
6.324609518051147461e-01
6.247507929801940918e-01
4.269376695156097412e-01
3.190267682075500488e-01
7.013924121856689453e-01
3.627345561981201172e-01
5.736445188522338867e-01
6.802564263343811035e-01
6.428382396697998047e-01
3.029389381408691406e-01
6.942510008811950684e-01
7.014557719230651855e-01
4.516837894916534424e-01
3.001575469970703125e-01
3.025608062744140625e-01
3.055143952369689941e-01
3.409782052040100098e-01
3.121266663074493408e-01
2.977841496467590332e-01
3.034933507442474365e-01
6.053506731986999512e-01
6.354027986526489258e-01
3.050317466259002686e-01
6.869125366210937500e-01
6.919153928756713867e-01
4.879741370677947998e-01
5.822424292564392090e-01
6.691832542419433594e-01
2.982068657875061035e-01
3.058839142322540283e-01
6.975133419036865234e-01
6.862931251525878906e-01
6.981526613235473633e-01
3.292710483074188232e-01
6.008116602897644043e-01
4.517872631549835205e-01
6.865600347518920898e-01
7.012560963630676270e-01
3.109416663646697998e-01
6.307331919670104980e-01
4.313786327838897705e-01
6.393627524375915527e-01
6.996097564697265625e-01
6.344758272171020508e-01
6.324003338813781738e-01
3.053041696548461914e-01
3.812642395496368408e-01
3.245446681976318359e-01
3.365958333015441895e-01
3.014240860939025879e-01
5.600581169128417969e-01
4.078606665134429932e-01
5.457178950309753418e-01
6.818583011627197266e-01
3.490682840347290039e-01
6.100482940673828125e-01
6.763164401054382324e-01
4.972237348556518555e-01
3.047395348548889160e-01
4.931026995182037354e-01
2.965364158153533936e-01
7.018636465072631836e-01
6.288612484931945801e-01
6.842361688613891602e-01
6.351786851882934570e-01
4.921808242797851562e-01
4.182046949863433838e-01
4.338561594486236572e-01
6.531606912612915039e-01
6.496673822402954102e-01
3.082831501960754395e-01
6.974568367004394531e-01
2.971231043338775635e-01
6.201885938644409180e-01
3.140261471271514893e-01
3.190694749355316162e-01
3.037896156311035156e-01
6.342867612838745117e-01
6.189931631088256836e-01
6.546300053596496582e-01
3.082472085952758789e-01
6.858943104743957520e-01
2.977807223796844482e-01
2.973919510841369629e-01
3.131121695041656494e-01
6.853035688400268555e-01
2.996296882629394531e-01
2.968097329139709473e-01
6.487110257148742676e-01
5.224949121475219727e-01
5.791745781898498535e-01
5.488808751106262207e-01
7.023287415504455566e-01
2.970966994762420654e-01
3.042060434818267822e-01
4.748282730579376221e-01
5.967746973037719727e-01
2.970176339149475098e-01
3.142481148242950439e-01
3.032496571540832520e-01
3.021385669708251953e-01
3.268694281578063965e-01
3.024542331695556641e-01
7.009024620056152344e-01
3.340282142162322998e-01
7.002467513084411621e-01
2.966258227825164795e-01
3.276131451129913330e-01
5.937674045562744141e-01
4.702424407005310059e-01
6.839992403984069824e-01
3.320753872394561768e-01
4.252816736698150635e-01
3.022485971450805664e-01
2.969872057437896729e-01
3.571231663227081299e-01
3.038952648639678955e-01
2.979456186294555664e-01
3.043213784694671631e-01
6.991536617279052734e-01
3.015463054180145264e-01
3.175319731235504150e-01
2.992762625217437744e-01
6.880053877830505371e-01
2.971383631229400635e-01
3.651937842369079590e-01
3.035877645015716553e-01
6.761695146560668945e-01
3.236416280269622803e-01
5.928522348403930664e-01
2.965673804283142090e-01
3.024247586727142334e-01
2.970555424690246582e-01
6.986353397369384766e-01
6.841492056846618652e-01
3.473296165466308594e-01
5.782207846641540527e-01
3.036905527114868164e-01
5.975222587585449219e-01
5.887033939361572266e-01
4.208415746688842773e-01
3.825910985469818115e-01
6.643208861351013184e-01
6.882647275924682617e-01
7.024218440055847168e-01
3.285130858421325684e-01
5.130887031555175781e-01
7.015391588211059570e-01
2.961632609367370605e-01
3.236992955207824707e-01
6.616274118423461914e-01
2.985179722309112549e-01
2.995013594627380371e-01
3.087210655212402344e-01
7.015265822410583496e-01
3.121002614498138428e-01
3.198784589767456055e-01
2.994485795497894287e-01
2.964525222778320312e-01
3.362135589122772217e-01
6.151599884033203125e-01
6.259596347808837891e-01
3.978888988494873047e-01
4.216995537281036377e-01
3.017909526824951172e-01
2.962853610515594482e-01
3.939160704612731934e-01
6.496103405952453613e-01
6.970505714416503906e-01
3.070139586925506592e-01
3.070824146270751953e-01
3.112819492816925049e-01
2.962057888507843018e-01
5.562713742256164551e-01
6.379462480545043945e-01
3.094024062156677246e-01
3.170760571956634521e-01
3.196656703948974609e-01
5.905945897102355957e-01
2.983941435813903809e-01
6.873869895935058594e-01
2.962892055511474609e-01
4.121169745922088623e-01
2.981290817260742188e-01
3.122108876705169678e-01
4.174777865409851074e-01
2.984252572059631348e-01
4.949698746204376221e-01
5.359076261520385742e-01
3.090532720088958740e-01
6.934549808502197266e-01
3.410629332065582275e-01
3.216391205787658691e-01
4.298800230026245117e-01
6.227732896804809570e-01
4.634086787700653076e-01
3.314213156700134277e-01
2.995991408824920654e-01
3.313553631305694580e-01
6.772581934928894043e-01
5.440069437026977539e-01
3.408819735050201416e-01
6.692135930061340332e-01
3.061178326606750488e-01
7.036772966384887695e-01
2.976959347724914551e-01
2.984026372432708740e-01
6.022170782089233398e-01
3.076584339141845703e-01
3.015696704387664795e-01
5.755065083503723145e-01
3.010995090007781982e-01
2.964323163032531738e-01
3.043654859066009521e-01
6.478105187416076660e-01
3.305538594722747803e-01
6.859156489372253418e-01
6.667120456695556641e-01
5.402894616127014160e-01
3.000294566154479980e-01
3.080791532993316650e-01
3.118286728858947754e-01
7.012107372283935547e-01
5.540691614151000977e-01
6.571072936058044434e-01
6.852055191993713379e-01
3.054926991462707520e-01
5.213329792022705078e-01
3.162761330604553223e-01
3.050343990325927734e-01
2.972038984298706055e-01
3.508600294589996338e-01
6.901209354400634766e-01
3.094416260719299316e-01
3.037143647670745850e-01
6.700949668884277344e-01
6.855019927024841309e-01
2.972703874111175537e-01
3.699642419815063477e-01
3.076547980308532715e-01
7.006659507751464844e-01
3.182953596115112305e-01
4.304054677486419678e-01
6.537460684776306152e-01
4.143530130386352539e-01
3.071079254150390625e-01
2.996820807456970215e-01
5.721321702003479004e-01
5.901701450347900391e-01
3.230125010013580322e-01
4.832430183887481689e-01
3.037443161010742188e-01
2.981995642185211182e-01
5.597944855690002441e-01
3.007458150386810303e-01
2.987103760242462158e-01
5.154309272766113281e-01
3.133004307746887207e-01
3.248518109321594238e-01
4.016152620315551758e-01
5.479868650436401367e-01
7.025682330131530762e-01
2.978748679161071777e-01
6.968331336975097656e-01
2.965178787708282471e-01
3.917252421379089355e-01
3.804867863655090332e-01
7.026873826980590820e-01
4.908502995967864990e-01
2.969290018081665039e-01
3.027759194374084473e-01
3.089844882488250732e-01
3.002524077892303467e-01
2.979086637496948242e-01
3.734033703804016113e-01
4.429375529289245605e-01
6.941165328025817871e-01
6.845210194587707520e-01
6.708179116249084473e-01
2.973937392234802246e-01
5.815903544425964355e-01
2.972545921802520752e-01
5.861225724220275879e-01
3.007723391056060791e-01
2.981813251972198486e-01
3.446321189403533936e-01
3.590192794799804688e-01
4.833691120147705078e-01
6.530424356460571289e-01
6.523408889770507812e-01
6.657248139381408691e-01
4.164889752864837646e-01
3.067462146282196045e-01
2.973290681838989258e-01
4.079940021038055420e-01
3.009634613990783691e-01
3.112517297267913818e-01
6.321405172348022461e-01
3.422218859195709229e-01
3.186332881450653076e-01
6.936596035957336426e-01
4.921802580356597900e-01
3.107127547264099121e-01
7.017096877098083496e-01
6.814157366752624512e-01
4.221289455890655518e-01
3.026439547538757324e-01
3.989842534065246582e-01
2.964961230754852295e-01
2.962472438812255859e-01
3.105204105377197266e-01
6.938230395317077637e-01
6.268281340599060059e-01
5.807608366012573242e-01
6.795504093170166016e-01
3.544734418392181396e-01
3.006753921508789062e-01
3.027344346046447754e-01
7.005625367164611816e-01
3.811103701591491699e-01
7.034732699394226074e-01
6.989274024963378906e-01
4.944636821746826172e-01
7.003294825553894043e-01
2.975562214851379395e-01
5.091570019721984863e-01
5.731865167617797852e-01
6.939481496810913086e-01
6.991249918937683105e-01
2.986575663089752197e-01
3.634032309055328369e-01
4.174171984195709229e-01
6.899257302284240723e-01
3.233442902565002441e-01
6.997928619384765625e-01
3.771390914916992188e-01
6.923208236694335938e-01
5.899087786674499512e-01
6.739476323127746582e-01
3.077166378498077393e-01
3.326180279254913330e-01
3.134700357913970947e-01
6.830066442489624023e-01
3.313041031360626221e-01
6.994852423667907715e-01
6.800332069396972656e-01
4.428564012050628662e-01
2.987932264804840088e-01
2.982591688632965088e-01
6.972591280937194824e-01
3.010144531726837158e-01
6.316128373146057129e-01
6.933664679527282715e-01
6.536645293235778809e-01
6.994463205337524414e-01
3.683945238590240479e-01
4.201723933219909668e-01
3.995428383350372314e-01
6.270048022270202637e-01
5.155941247940063477e-01
3.063652217388153076e-01
3.466645181179046631e-01
4.334179162979125977e-01
3.516236543655395508e-01
2.997206747531890869e-01
3.532772660255432129e-01
7.001587152481079102e-01
2.982835173606872559e-01
3.075095415115356445e-01
3.096653819084167480e-01
2.968066930770874023e-01
3.008308410644531250e-01
3.619969785213470459e-01
5.409368872642517090e-01
5.420821309089660645e-01
3.774909377098083496e-01
5.937469005584716797e-01
6.994894742965698242e-01
3.161645829677581787e-01
3.309157788753509521e-01
3.298269212245941162e-01
3.037801980972290039e-01
4.897182881832122803e-01
3.070928156375885010e-01
3.310005962848663330e-01
4.884764552116394043e-01
4.750642180442810059e-01
4.287634193897247314e-01
5.624300241470336914e-01
6.921588182449340820e-01
3.069237470626831055e-01
4.982004761695861816e-01
2.998106181621551514e-01
3.010874986648559570e-01
3.325789272785186768e-01
2.990644276142120361e-01
3.021183907985687256e-01
3.113948404788970947e-01
2.966080307960510254e-01
6.710277199745178223e-01
6.226119995117187500e-01
7.017533779144287109e-01
3.022581934928894043e-01
3.716524243354797363e-01
2.974185049533843994e-01
7.017256617546081543e-01
3.107616603374481201e-01
3.056913018226623535e-01
5.099877715110778809e-01
6.967344880104064941e-01
6.891926527023315430e-01
6.852957606315612793e-01
6.704595685005187988e-01
3.015652298927307129e-01
2.972609698772430420e-01
3.471530675888061523e-01
6.267064213752746582e-01
3.141772747039794922e-01
3.028193712234497070e-01
6.923233270645141602e-01
3.053285777568817139e-01
6.663458347320556641e-01
6.969111561775207520e-01
3.723311722278594971e-01
6.619812846183776855e-01
3.014040887355804443e-01
6.830964088439941406e-01
2.981589734554290771e-01
6.986633539199829102e-01
2.977620661258697510e-01
3.051861226558685303e-01
5.661385655403137207e-01
2.967832982540130615e-01
6.835005283355712891e-01
3.039143383502960205e-01
2.976251244544982910e-01
3.124544620513916016e-01
2.989674508571624756e-01
3.043784797191619873e-01
5.447805523872375488e-01
3.233833611011505127e-01
3.859404623508453369e-01
3.182044327259063721e-01
2.962964177131652832e-01
3.207214474678039551e-01
6.870611906051635742e-01
2.978792488574981689e-01
6.925445795059204102e-01
6.497238278388977051e-01
4.672288000583648682e-01
3.208805024623870850e-01
2.985821962356567383e-01
3.052678108215332031e-01
3.198856711387634277e-01
5.920672416687011719e-01
6.254039406776428223e-01
6.600310802459716797e-01
6.996744871139526367e-01
3.015119433403015137e-01
6.409434080123901367e-01
3.115589320659637451e-01
2.973473370075225830e-01
6.960839629173278809e-01
3.050172328948974609e-01
3.389441967010498047e-01
6.895143389701843262e-01
6.906439065933227539e-01
3.594414293766021729e-01
3.086324632167816162e-01
4.903622269630432129e-01
3.258439600467681885e-01
3.244421482086181641e-01
6.700902581214904785e-01
3.438077569007873535e-01
2.973464727401733398e-01
6.676534414291381836e-01
6.110096573829650879e-01
6.967625617980957031e-01
6.847590804100036621e-01
3.478222787380218506e-01
5.858149528503417969e-01
3.035522997379302979e-01
5.998950004577636719e-01
6.986665129661560059e-01
4.662979543209075928e-01
3.131188750267028809e-01
2.969680428504943848e-01
6.905726790428161621e-01
6.944454908370971680e-01
2.962705194950103760e-01
6.919443607330322266e-01
2.995400726795196533e-01
6.881638169288635254e-01
3.583288192749023438e-01
3.171089589595794678e-01
3.545186519622802734e-01
6.242468357086181641e-01
6.749158501625061035e-01
3.053036630153656006e-01
3.957978785037994385e-01
3.071793615818023682e-01
6.200776696205139160e-01
5.420393943786621094e-01
3.113380670547485352e-01
4.130251109600067139e-01
2.992475628852844238e-01
3.001751303672790527e-01
6.705717444419860840e-01
6.995612382888793945e-01
3.311572372913360596e-01
3.311353623867034912e-01
6.201832294464111328e-01
6.689810156822204590e-01
7.006881237030029297e-01
6.745938062667846680e-01
2.990294396877288818e-01
5.639927983283996582e-01
6.961290240287780762e-01
5.401724576950073242e-01
3.173782825469970703e-01
2.961805462837219238e-01
3.118366897106170654e-01
6.151466965675354004e-01
6.964937448501586914e-01
2.988412678241729736e-01
2.970575988292694092e-01
3.065876662731170654e-01
2.984733879566192627e-01
6.941334009170532227e-01
4.902694225311279297e-01
2.986615598201751709e-01
3.151870667934417725e-01
6.901916265487670898e-01
3.034209609031677246e-01
3.018625378608703613e-01
4.910984635353088379e-01
6.852979660034179688e-01
3.020368218421936035e-01
6.831948757171630859e-01
3.324991464614868164e-01
2.968992590904235840e-01
6.003654003143310547e-01
3.030453622341156006e-01
6.911861300468444824e-01
4.900461435317993164e-01
3.107698559761047363e-01
3.085550963878631592e-01
3.034282028675079346e-01
3.646696209907531738e-01
3.148722052574157715e-01
3.422796726226806641e-01
6.986792087554931641e-01
2.975016236305236816e-01
3.053395748138427734e-01
7.018277049064636230e-01
2.989336848258972168e-01
2.974299490451812744e-01
6.537759304046630859e-01
2.965643703937530518e-01
3.643231093883514404e-01
3.020357489585876465e-01
3.092757165431976318e-01
4.818575382232666016e-01
3.028014600276947021e-01
3.027542829513549805e-01
2.983040511608123779e-01
6.697539687156677246e-01
3.108942806720733643e-01
2.988033592700958252e-01
7.026062011718750000e-01
7.022529244422912598e-01
3.046254813671112061e-01
3.304118216037750244e-01
3.020149469375610352e-01
3.044904172420501709e-01
3.465273976325988770e-01
4.965897798538208008e-01
6.933026909828186035e-01
2.968141436576843262e-01
3.017190694808959961e-01
2.991243004798889160e-01
3.011252582073211670e-01
3.354009687900543213e-01
3.032326400279998779e-01
3.133872151374816895e-01
6.772658824920654297e-01
4.502723813056945801e-01
3.037336766719818115e-01
7.035303711891174316e-01
7.026476263999938965e-01
2.972956299781799316e-01
2.964822053909301758e-01
5.081977844238281250e-01
5.519453287124633789e-01
3.419173359870910645e-01
2.981466948986053467e-01
6.606859564781188965e-01
3.118409514427185059e-01
7.016132473945617676e-01
6.943899989128112793e-01
3.400499522686004639e-01
7.004833817481994629e-01
2.967752218246459961e-01
3.153499364852905273e-01
2.994340360164642334e-01
5.314733982086181641e-01
2.971226871013641357e-01
6.434252858161926270e-01
4.287566244602203369e-01
4.388580322265625000e-01
6.461771130561828613e-01
5.410739183425903320e-01
5.276629924774169922e-01
2.980622947216033936e-01
5.652951598167419434e-01
3.192300200462341309e-01
3.126312494277954102e-01
3.488054573535919189e-01
2.969651818275451660e-01
4.818333089351654053e-01
6.855901479721069336e-01
6.950820088386535645e-01
4.966435134410858154e-01
6.847382783889770508e-01
3.042462766170501709e-01
3.030001819133758545e-01
3.029174804687500000e-01
2.977139055728912354e-01
3.141689300537109375e-01
5.139507055282592773e-01
7.007941007614135742e-01
2.967153489589691162e-01
5.958504676818847656e-01
6.926260590553283691e-01
3.036050796508789062e-01
5.808189511299133301e-01
3.110471367835998535e-01
2.966833710670471191e-01
6.900489926338195801e-01
6.102274060249328613e-01
3.089361786842346191e-01
6.780573129653930664e-01
3.177801966667175293e-01
6.774537563323974609e-01
5.539833903312683105e-01
3.117685616016387939e-01
6.894547343254089355e-01
2.964658141136169434e-01
3.115395605564117432e-01
7.026391029357910156e-01
2.986064553260803223e-01
2.986685633659362793e-01
5.004402399063110352e-01
6.213872432708740234e-01
6.949917078018188477e-01
5.842376351356506348e-01
6.911278963088989258e-01
2.966249585151672363e-01
7.032476663589477539e-01
5.406285524368286133e-01
6.426912546157836914e-01
5.606615543365478516e-01
3.286625742912292480e-01
3.121077716350555420e-01
6.613411307334899902e-01
2.993667125701904297e-01
4.980432987213134766e-01
3.033834993839263916e-01
6.754013299942016602e-01
3.011111021041870117e-01
6.053670048713684082e-01
4.042319953441619873e-01
3.033502101898193359e-01
3.119804859161376953e-01
3.211787045001983643e-01
3.442521393299102783e-01
3.018328845500946045e-01
3.037442266941070557e-01
5.650351643562316895e-01
3.011927008628845215e-01
6.126170158386230469e-01
6.871850490570068359e-01
3.275250196456909180e-01
7.026786208152770996e-01
4.206851422786712646e-01
3.042986094951629639e-01
6.359622478485107422e-01
4.143188595771789551e-01
2.987843453884124756e-01
3.051468431949615479e-01
6.723603010177612305e-01
6.526603102684020996e-01
4.718688130378723145e-01
3.072606921195983887e-01
5.825085043907165527e-01
3.011893033981323242e-01
4.167810976505279541e-01
6.850421428680419922e-01
6.789243817329406738e-01
3.194446861743927002e-01
6.942894458770751953e-01
3.115409016609191895e-01
2.962656021118164062e-01
7.035416364669799805e-01
6.344714164733886719e-01
5.755782127380371094e-01
6.864529848098754883e-01
7.022101283073425293e-01
3.038192391395568848e-01
3.012645840644836426e-01
3.296471536159515381e-01
2.977213859558105469e-01
7.027410268783569336e-01
3.398969471454620361e-01
2.991800904273986816e-01
2.975623011589050293e-01
5.167266130447387695e-01
2.972675859928131104e-01
6.108193993568420410e-01
6.903248429298400879e-01
6.938409805297851562e-01
3.011505305767059326e-01
2.978153824806213379e-01
4.526736736297607422e-01
3.493496775627136230e-01
6.190611720085144043e-01
6.788220405578613281e-01
4.298056364059448242e-01
3.063794672489166260e-01
6.867686510086059570e-01
3.111782670021057129e-01
5.248318314552307129e-01
3.463951349258422852e-01
3.046317100524902344e-01
3.019712567329406738e-01
6.770796179771423340e-01
2.962450087070465088e-01
6.966375112533569336e-01
2.986064851284027100e-01
2.986787259578704834e-01
7.031297087669372559e-01
3.058119714260101318e-01
3.071850240230560303e-01
3.069556057453155518e-01
6.843792796134948730e-01
3.001721799373626709e-01
3.366852104663848877e-01
6.122837066650390625e-01
2.985860407352447510e-01
4.969555735588073730e-01
6.836490035057067871e-01
2.971303462982177734e-01
6.208596825599670410e-01
6.814382076263427734e-01
6.987909078598022461e-01
6.945861577987670898e-01
3.445346951484680176e-01
3.216992914676666260e-01
6.602085828781127930e-01
3.181273639202117920e-01
3.088893294334411621e-01
2.982341647148132324e-01
6.951089501380920410e-01
6.479719281196594238e-01
3.071665763854980469e-01
6.695668697357177734e-01
7.012433409690856934e-01
5.260407328605651855e-01
3.290103673934936523e-01
6.793220043182373047e-01
6.431387662887573242e-01
3.068351447582244873e-01
6.756484508514404297e-01
6.993256807327270508e-01
2.974058091640472412e-01
3.789227306842803955e-01
6.899119019508361816e-01
2.998689711093902588e-01
6.483511328697204590e-01
3.788387477397918701e-01
4.198896884918212891e-01
2.987171113491058350e-01
2.999325394630432129e-01
3.383417427539825439e-01
6.586928963661193848e-01
4.735656678676605225e-01
5.775248408317565918e-01
3.342054784297943115e-01
6.884698867797851562e-01
5.925152897834777832e-01
6.725164651870727539e-01
3.301845192909240723e-01
6.038981676101684570e-01
4.794613718986511230e-01
6.836591958999633789e-01
4.056510031223297119e-01
6.384342312812805176e-01
4.278019368648529053e-01
5.900652408599853516e-01
5.635108351707458496e-01
3.162853419780731201e-01
6.901904940605163574e-01
3.665393590927124023e-01
6.300852298736572266e-01
7.015550136566162109e-01
3.044053018093109131e-01
2.996281683444976807e-01
6.932476758956909180e-01
3.965850472450256348e-01
6.517404317855834961e-01
6.358310580253601074e-01
3.337606489658355713e-01
2.981091439723968506e-01
4.062409102916717529e-01
3.058893084526062012e-01
3.073423504829406738e-01
6.968498826026916504e-01
2.988399267196655273e-01
6.894890069961547852e-01
6.881939768791198730e-01
6.302382946014404297e-01
4.315408170223236084e-01
6.919485926628112793e-01
3.209593594074249268e-01
6.958458423614501953e-01
3.053949475288391113e-01
6.988818049430847168e-01
2.963078320026397705e-01
5.814787149429321289e-01
4.595237672328948975e-01
3.340979814529418945e-01
6.686504483222961426e-01
5.719373226165771484e-01
3.561484515666961670e-01
3.034082949161529541e-01
3.036259412765502930e-01
5.950818657875061035e-01
5.438839793205261230e-01
2.977124154567718506e-01
6.928142905235290527e-01
2.972021400928497314e-01
2.973786592483520508e-01
2.972955703735351562e-01
6.461002230644226074e-01
3.041827678680419922e-01
5.196594595909118652e-01
3.112185001373291016e-01
6.960787773132324219e-01
4.756932556629180908e-01
3.314837813377380371e-01
3.204803764820098877e-01
6.482015252113342285e-01
3.080492317676544189e-01
4.970790147781372070e-01
7.008868455886840820e-01
3.226327002048492432e-01
5.017632246017456055e-01
5.856643915176391602e-01
6.165403723716735840e-01
6.937814354896545410e-01
3.197089433670043945e-01
3.317984938621520996e-01
2.993931770324707031e-01
6.717639565467834473e-01
3.007223010063171387e-01
3.035123944282531738e-01
3.172504901885986328e-01
3.895591199398040771e-01
6.684878468513488770e-01
6.317967176437377930e-01
3.027515411376953125e-01
2.986366450786590576e-01
3.407773375511169434e-01
6.077066659927368164e-01
2.969811856746673584e-01
3.114406168460845947e-01
6.939784884452819824e-01
2.971440255641937256e-01
5.598623752593994141e-01
2.989642322063446045e-01
3.046790361404418945e-01
3.898694217205047607e-01
6.879394054412841797e-01
3.239873349666595459e-01
3.012607693672180176e-01
6.857047677040100098e-01
3.416597545146942139e-01
3.661338090896606445e-01
3.045138120651245117e-01
6.983119845390319824e-01
6.989115476608276367e-01
3.326224088668823242e-01
6.792578697204589844e-01
3.019042313098907471e-01
6.109424829483032227e-01
2.969414889812469482e-01
3.708217442035675049e-01
3.718563616275787354e-01
3.147361278533935547e-01
3.048250973224639893e-01
3.021585643291473389e-01
3.291848003864288330e-01
6.116992831230163574e-01
4.979566633701324463e-01
3.705732524394989014e-01
7.035700082778930664e-01
6.773715019226074219e-01
6.089384555816650391e-01
2.979256808757781982e-01
7.026538848876953125e-01
6.569958925247192383e-01
2.981244623661041260e-01
2.991779148578643799e-01
7.021631598472595215e-01
3.202512860298156738e-01
6.495642662048339844e-01
6.925440430641174316e-01
3.123515844345092773e-01
2.975741028785705566e-01
3.620542585849761963e-01
3.639585673809051514e-01
4.944694638252258301e-01
3.357083201408386230e-01
6.687378883361816406e-01
3.085629045963287354e-01
6.409292817115783691e-01
7.020955681800842285e-01
2.970811426639556885e-01
3.299641609191894531e-01
4.212588369846343994e-01
3.360587358474731445e-01
6.625474095344543457e-01
2.986049950122833252e-01
3.254979550838470459e-01
2.996146380901336670e-01
3.021976649761199951e-01
3.069272637367248535e-01
4.295693933963775635e-01
3.023140728473663330e-01
3.664897978305816650e-01
4.085789620876312256e-01
3.008918762207031250e-01
6.553339958190917969e-01
6.361211538314819336e-01
6.851101517677307129e-01
6.246002912521362305e-01
