3.562865257263183594e-01
6.948170065879821777e-01
6.777728199958801270e-01
6.609406471252441406e-01
3.230449259281158447e-01
3.793131709098815918e-01
6.038650274276733398e-01
2.980865240097045898e-01
5.900318622589111328e-01
3.217919468879699707e-01
3.896832168102264404e-01
3.604298830032348633e-01
3.572118282318115234e-01
7.035028338432312012e-01
3.054921627044677734e-01
3.432985842227935791e-01
5.977138876914978027e-01
6.089673638343811035e-01
3.304340243339538574e-01
6.905039548873901367e-01
7.006713151931762695e-01
6.581615805625915527e-01
3.094732165336608887e-01
3.455998301506042480e-01
6.814286112785339355e-01
6.897772550582885742e-01
2.972439825534820557e-01
6.996032595634460449e-01
3.091030716896057129e-01
6.095736622810363770e-01
5.978108644485473633e-01
4.993759989738464355e-01
3.010925948619842529e-01
3.551615178585052490e-01
6.926667690277099609e-01
6.134068369865417480e-01
2.986000776290893555e-01
7.015438079833984375e-01
3.097656369209289551e-01
5.653836727142333984e-01
3.154285550117492676e-01
3.638139963150024414e-01
3.045508265495300293e-01
6.659794449806213379e-01
6.922317147254943848e-01
2.969096601009368896e-01
3.176136910915374756e-01
6.991522312164306641e-01
3.195928931236267090e-01
3.014087378978729248e-01
3.006128072738647461e-01
3.740026056766510010e-01
4.995454549789428711e-01
3.435715734958648682e-01
6.453436017036437988e-01
6.882307529449462891e-01
4.081216752529144287e-01
6.149248480796813965e-01
6.879375576972961426e-01
6.974099278450012207e-01
6.823734045028686523e-01
3.422267735004425049e-01
3.177255690097808838e-01
4.597360193729400635e-01
3.196045756340026855e-01
3.255626857280731201e-01
4.059233665466308594e-01
6.997264623641967773e-01
4.422370493412017822e-01
5.935221314430236816e-01
6.988742947578430176e-01
3.235035836696624756e-01
5.431211590766906738e-01
4.658060371875762939e-01
2.962443232536315918e-01
3.935301601886749268e-01
6.909383535385131836e-01
5.903458595275878906e-01
2.969928085803985596e-01
6.371799111366271973e-01
3.408262133598327637e-01
5.312449336051940918e-01
2.980752289295196533e-01
3.008717298507690430e-01
6.595757007598876953e-01
5.126978754997253418e-01
6.689403653144836426e-01
3.130566477775573730e-01
3.324564993381500244e-01
2.980791032314300537e-01
3.823120892047882080e-01
2.981772720813751221e-01
2.969168722629547119e-01
3.469317257404327393e-01
6.988859772682189941e-01
5.431094169616699219e-01
3.375662565231323242e-01
6.932736039161682129e-01
5.343181490898132324e-01
6.897367835044860840e-01
4.924573302268981934e-01
6.642718911170959473e-01
6.955138444900512695e-01
6.673794984817504883e-01
3.030415773391723633e-01
3.471282422542572021e-01
4.867521226406097412e-01
6.996639966964721680e-01
4.096391499042510986e-01
3.389789760112762451e-01
6.062794327735900879e-01
2.995589375495910645e-01
4.726339578628540039e-01
5.685637593269348145e-01
6.044001579284667969e-01
2.999165356159210205e-01
6.012852191925048828e-01
4.142234325408935547e-01
3.267305791378021240e-01
6.568981409072875977e-01
3.026971817016601562e-01
4.932882189750671387e-01
6.996411681175231934e-01
6.936523914337158203e-01
6.667774319648742676e-01
6.724344491958618164e-01
5.430563092231750488e-01
2.995203435420989990e-01
3.998850882053375244e-01
3.060072660446166992e-01
2.981779277324676514e-01
6.600420475006103516e-01
6.530983448028564453e-01
6.989634037017822266e-01
3.040134310722351074e-01
3.033693730831146240e-01
6.682936549186706543e-01
6.915894746780395508e-01
6.995599269866943359e-01
2.989544570446014404e-01
6.983515024185180664e-01
6.803766489028930664e-01
6.612805128097534180e-01
3.001815974712371826e-01
5.608036518096923828e-01
3.051745891571044922e-01
2.998991012573242188e-01
3.048060536384582520e-01
6.603543758392333984e-01
6.765868067741394043e-01
5.856651067733764648e-01
4.132715761661529541e-01
5.818801522254943848e-01
6.886347532272338867e-01
3.077877163887023926e-01
3.057064116001129150e-01
6.795136332511901855e-01
5.018092989921569824e-01
6.562510132789611816e-01
6.470313668251037598e-01
6.167785525321960449e-01
3.068616092205047607e-01
5.053285360336303711e-01
6.972197294235229492e-01
3.651937842369079590e-01
3.079592585563659668e-01
4.850971102714538574e-01
4.424014389514923096e-01
2.975468039512634277e-01
3.952591121196746826e-01
6.900410652160644531e-01
3.539543151855468750e-01
6.612676978111267090e-01
5.675814747810363770e-01
3.668833076953887939e-01
3.434598743915557861e-01
5.276433229446411133e-01
6.804502010345458984e-01
6.040313243865966797e-01
3.002167940139770508e-01
6.544449329376220703e-01
3.034713268280029297e-01
3.295970261096954346e-01
3.656615614891052246e-01
3.497397303581237793e-01
4.504173099994659424e-01
3.050125539302825928e-01
6.908501982688903809e-01
6.845406889915466309e-01
3.042906522750854492e-01
4.960536658763885498e-01
3.026318550109863281e-01
3.709233105182647705e-01
3.836260437965393066e-01
6.845883727073669434e-01
3.581783175468444824e-01
3.048500120639801025e-01
6.974550485610961914e-01
6.812980771064758301e-01
6.942690610885620117e-01
2.992146611213684082e-01
6.951255202293395996e-01
3.074394166469573975e-01
4.953230023384094238e-01
2.994437217712402344e-01
5.945407152175903320e-01
2.986425161361694336e-01
3.154082894325256348e-01
6.857322454452514648e-01
3.640641868114471436e-01
2.977218925952911377e-01
3.418810367584228516e-01
3.035631775856018066e-01
2.981328666210174561e-01
3.019282817840576172e-01
3.160316348075866699e-01
4.686856567859649658e-01
3.218806385993957520e-01
3.176701962947845459e-01
2.994585037231445312e-01
6.276209950447082520e-01
5.096706151962280273e-01
7.018700838088989258e-01
6.980938911437988281e-01
2.991839349269866943e-01
6.664712429046630859e-01
2.991340160369873047e-01
3.306629657745361328e-01
4.528381824493408203e-01
6.989265084266662598e-01
3.018249273300170898e-01
3.219519853591918945e-01
3.295782804489135742e-01
3.782654404640197754e-01
4.800074398517608643e-01
2.972291111946105957e-01
2.969089448451995850e-01
2.968403100967407227e-01
4.077077507972717285e-01
3.507048785686492920e-01
2.990690767765045166e-01
3.091995120048522949e-01
3.051496744155883789e-01
7.006115913391113281e-01
3.031212389469146729e-01
3.919451534748077393e-01
6.395508050918579102e-01
3.491604328155517578e-01
3.312634527683258057e-01
3.192781805992126465e-01
6.588088870048522949e-01
5.055578351020812988e-01
3.636031448841094971e-01
6.828192472457885742e-01
6.940246224403381348e-01
5.592408180236816406e-01
5.421909689903259277e-01
6.988165974617004395e-01
5.875269174575805664e-01
6.585919260978698730e-01
3.165082633495330811e-01
3.109303414821624756e-01
5.969591736793518066e-01
4.383864998817443848e-01
7.015278935432434082e-01
3.013054430484771729e-01
6.673146486282348633e-01
3.012329041957855225e-01
6.083244681358337402e-01
6.642331480979919434e-01
6.756501197814941406e-01
6.409712433815002441e-01
3.214907348155975342e-01
3.651772439479827881e-01
6.994292736053466797e-01
7.026938796043395996e-01
6.995567083358764648e-01
4.562378525733947754e-01
3.245838582515716553e-01
6.780481934547424316e-01
4.286092519760131836e-01
5.848588347434997559e-01
3.062501549720764160e-01
6.621125340461730957e-01
7.020910978317260742e-01
3.438851535320281982e-01
6.316023468971252441e-01
6.891812086105346680e-01
6.915258765220642090e-01
3.004576265811920166e-01
3.341892361640930176e-01
3.038859367370605469e-01
6.285488605499267578e-01
3.011618852615356445e-01
3.617481887340545654e-01
6.478918790817260742e-01
6.371854543685913086e-01
6.930593848228454590e-01
3.006512224674224854e-01
3.076472878456115723e-01
7.019492387771606445e-01
4.751730561256408691e-01
3.267305195331573486e-01
4.392784833908081055e-01
3.042234480381011963e-01
4.396635890007019043e-01
3.279214501380920410e-01
6.993247866630554199e-01
3.230586051940917969e-01
4.895026087760925293e-01
6.993417739868164062e-01
6.300228238105773926e-01
4.758112132549285889e-01
6.846144199371337891e-01
6.813225150108337402e-01
2.974676191806793213e-01
7.024924755096435547e-01
6.865431666374206543e-01
6.093485355377197266e-01
6.647179722785949707e-01
6.998910903930664062e-01
6.967775225639343262e-01
3.641903698444366455e-01
5.069353580474853516e-01
3.703904747962951660e-01
4.268856942653656006e-01
3.145591616630554199e-01
6.882422566413879395e-01
6.950715184211730957e-01
3.406637310981750488e-01
6.307860612869262695e-01
5.431638360023498535e-01
3.021060824394226074e-01
3.110498487949371338e-01
6.671796441078186035e-01
6.515170931816101074e-01
6.874883174896240234e-01
4.247548580169677734e-01
3.358693420886993408e-01
3.022363185882568359e-01
6.833735108375549316e-01
5.003263354301452637e-01
6.901254057884216309e-01
3.001212775707244873e-01
3.283109664916992188e-01
2.973015308380126953e-01
3.589577674865722656e-01
3.130377531051635742e-01
6.081654429435729980e-01
6.650915145874023438e-01
6.815239787101745605e-01
6.924128532409667969e-01
3.082284331321716309e-01
3.010185062885284424e-01
3.440803289413452148e-01
4.117063879966735840e-01
6.879558563232421875e-01
7.008162736892700195e-01
3.364216685295104980e-01
4.765577614307403564e-01
4.495737850666046143e-01
2.967751920223236084e-01
3.068094253540039062e-01
3.221701979637145996e-01
6.939055323600769043e-01
6.726331114768981934e-01
3.156853020191192627e-01
2.972472608089447021e-01
5.024688839912414551e-01
4.410298466682434082e-01
4.275643527507781982e-01
6.982677578926086426e-01
7.011595964431762695e-01
5.282571315765380859e-01
6.901556253433227539e-01
3.448144495487213135e-01
3.039578497409820557e-01
5.806267261505126953e-01
5.676450133323669434e-01
4.816793203353881836e-01
2.982013821601867676e-01
7.033364176750183105e-01
3.011425137519836426e-01
5.815448760986328125e-01
3.649538159370422363e-01
3.069340288639068604e-01
3.088702857494354248e-01
3.035133183002471924e-01
5.379271507263183594e-01
4.974184036254882812e-01
6.694702506065368652e-01
6.393756866455078125e-01
4.021349847316741943e-01
5.580766201019287109e-01
3.330597877502441406e-01
6.968621611595153809e-01
5.158851146697998047e-01
3.079426288604736328e-01
3.066306114196777344e-01
3.360888659954071045e-01
3.048894703388214111e-01
3.228634595870971680e-01
5.682570934295654297e-01
3.049534261226654053e-01
5.270084738731384277e-01
6.480563282966613770e-01
6.093717813491821289e-01
6.993293166160583496e-01
3.024194836616516113e-01
3.177253305912017822e-01
3.061575889587402344e-01
6.000336408615112305e-01
4.360733032226562500e-01
3.108035027980804443e-01
6.921429634094238281e-01
3.831983804702758789e-01
6.799601912498474121e-01
6.288129687309265137e-01
7.026389241218566895e-01
5.005027055740356445e-01
2.998671233654022217e-01
6.283708214759826660e-01
6.858997344970703125e-01
6.213879585266113281e-01
6.798787117004394531e-01
6.628919839859008789e-01
3.578180074691772461e-01
7.033677697181701660e-01
3.441790938377380371e-01
6.823338270187377930e-01
3.045910894870758057e-01
3.786066770553588867e-01
3.122299015522003174e-01
6.791245341300964355e-01
5.926787853240966797e-01
2.968078255653381348e-01
2.979318797588348389e-01
6.994402408599853516e-01
3.120902478694915771e-01
6.983331441879272461e-01
5.733093023300170898e-01
6.846603155136108398e-01
6.177986264228820801e-01
2.972191870212554932e-01
3.806889653205871582e-01
3.182161152362823486e-01
3.056958615779876709e-01
4.850720465183258057e-01
4.868581593036651611e-01
4.386225044727325439e-01
4.026405215263366699e-01
3.063383102416992188e-01
6.967400312423706055e-01
3.219074308872222900e-01
3.488697409629821777e-01
7.019960284233093262e-01
2.986296415328979492e-01
3.440631628036499023e-01
2.979218959808349609e-01
4.480415284633636475e-01
7.025680541992187500e-01
7.019757628440856934e-01
6.513269543647766113e-01
7.014237642288208008e-01
6.674922704696655273e-01
3.130458593368530273e-01
6.441180706024169922e-01
3.447618782520294189e-01
5.569756031036376953e-01
6.914744973182678223e-01
6.949281096458435059e-01
5.941169261932373047e-01
6.485293507575988770e-01
6.998993158340454102e-01
3.391858637332916260e-01
3.029814362525939941e-01
6.976142525672912598e-01
6.232188940048217773e-01
3.710503876209259033e-01
6.833460330963134766e-01
6.963051557540893555e-01
6.136415600776672363e-01
4.002833962440490723e-01
6.898509860038757324e-01
3.028147816658020020e-01
6.813395023345947266e-01
6.888408064842224121e-01
6.482158303260803223e-01
5.034662485122680664e-01
6.138871312141418457e-01
5.066989660263061523e-01
4.503692388534545898e-01
3.308087885379791260e-01
3.413688242435455322e-01
2.969002723693847656e-01
3.114823102951049805e-01
4.032880663871765137e-01
5.940874814987182617e-01
3.008208274841308594e-01
6.636373996734619141e-01
7.017703056335449219e-01
2.966891527175903320e-01
6.837182641029357910e-01
4.819775819778442383e-01
3.142485618591308594e-01
3.103921115398406982e-01
2.982928752899169922e-01
6.822724342346191406e-01
3.178889751434326172e-01
2.977692782878875732e-01
3.011746108531951904e-01
3.063543736934661865e-01
4.352787733078002930e-01
3.245687484741210938e-01
6.121364831924438477e-01
6.985153555870056152e-01
3.170551955699920654e-01
3.126614391803741455e-01
3.389473855495452881e-01
3.159621357917785645e-01
3.365488052368164062e-01
3.442797362804412842e-01
3.878626525402069092e-01
5.947777032852172852e-01
3.541635572910308838e-01
2.991247475147247314e-01
3.007193207740783691e-01
3.025289773941040039e-01
6.412206888198852539e-01
6.973537802696228027e-01
3.351147770881652832e-01
5.619408488273620605e-01
5.774412751197814941e-01
6.823831200599670410e-01
6.751317977905273438e-01
3.180613517761230469e-01
3.033693730831146240e-01
2.963459193706512451e-01
2.969234287738800049e-01
4.318981766700744629e-01
3.637225627899169922e-01
5.520622134208679199e-01
3.378132283687591553e-01
3.754015862941741943e-01
5.691268444061279297e-01
5.946795344352722168e-01
6.437616348266601562e-01
4.248247444629669189e-01
3.359830081462860107e-01
3.038814961910247803e-01
6.615658998489379883e-01
3.379655480384826660e-01
5.885573625564575195e-01
3.410436809062957764e-01
5.446387529373168945e-01
7.027636766433715820e-01
6.799505352973937988e-01
6.538231968879699707e-01
6.970682144165039062e-01
4.338640272617340088e-01
3.620409667491912842e-01
2.968757748603820801e-01
6.986300945281982422e-01
3.017941713333129883e-01
3.061247766017913818e-01
3.000034391880035400e-01
3.165718317031860352e-01
3.058776259422302246e-01
4.901955127716064453e-01
5.732305645942687988e-01
6.241033673286437988e-01
6.909652352333068848e-01
3.169993162155151367e-01
3.475809991359710693e-01
4.920159280300140381e-01
6.887503862380981445e-01
4.153746068477630615e-01
3.307525217533111572e-01
7.027168273925781250e-01
3.205734193325042725e-01
3.875779211521148682e-01
6.051104068756103516e-01
3.220749795436859131e-01
3.121999502182006836e-01
3.043667674064636230e-01
3.049202859401702881e-01
4.825107753276824951e-01
3.002532422542572021e-01
5.580762028694152832e-01
2.978161275386810303e-01
4.439567923545837402e-01
3.197437822818756104e-01
4.906527698040008545e-01
5.310324430465698242e-01
4.252595305442810059e-01
6.468821167945861816e-01
6.976121068000793457e-01
6.998640298843383789e-01
6.572400331497192383e-01
6.008575558662414551e-01
7.031595706939697266e-01
4.960011839866638184e-01
3.286485075950622559e-01
3.485902845859527588e-01
2.995871305465698242e-01
4.923652410507202148e-01
6.345111131668090820e-01
3.032996952533721924e-01
6.854993700981140137e-01
4.659357666969299316e-01
3.242155611515045166e-01
7.021833658218383789e-01
3.919322788715362549e-01
7.015784978866577148e-01
4.272257387638092041e-01
3.066034018993377686e-01
6.024808883666992188e-01
3.201260268688201904e-01
2.980526089668273926e-01
4.643451571464538574e-01
3.027848303318023682e-01
3.030362725257873535e-01
3.618154525756835938e-01
7.016536593437194824e-01
6.721007227897644043e-01
6.199514865875244141e-01
3.212860822677612305e-01
3.008143305778503418e-01
5.777896642684936523e-01
6.899676918983459473e-01
3.167023658752441406e-01
3.377804756164550781e-01
5.658074617385864258e-01
3.387697339057922363e-01
3.296430408954620361e-01
4.773570597171783447e-01
3.449060618877410889e-01
6.766774058341979980e-01
6.793303489685058594e-01
3.015531301498413086e-01
5.187797546386718750e-01
6.734588742256164551e-01
3.103422224521636963e-01
6.960869431495666504e-01
2.990561127662658691e-01
3.208594620227813721e-01
6.366003751754760742e-01
6.920774579048156738e-01
3.034336864948272705e-01
3.804460167884826660e-01
6.935153603553771973e-01
6.673991680145263672e-01
5.244261622428894043e-01
4.088925719261169434e-01
3.414143323898315430e-01
3.025578260421752930e-01
3.115105926990509033e-01
6.898907423019409180e-01
3.060502707958221436e-01
4.567707777023315430e-01
4.409869313240051270e-01
3.991443812847137451e-01
4.161176979541778564e-01
6.508477926254272461e-01
3.010670542716979980e-01
2.974181175231933594e-01
6.397423148155212402e-01
3.886209130287170410e-01
4.843218922615051270e-01
4.458625614643096924e-01
6.708105206489562988e-01
3.154731988906860352e-01
6.975355744361877441e-01
2.964841425418853760e-01
3.401258289813995361e-01
3.565872907638549805e-01
6.601642370223999023e-01
3.456140160560607910e-01
6.853835582733154297e-01
3.798013627529144287e-01
6.589352488517761230e-01
3.441610634326934814e-01
2.991586327552795410e-01
6.993808746337890625e-01
3.059436678886413574e-01
3.118032813072204590e-01
5.951101183891296387e-01
3.203819394111633301e-01
6.952884793281555176e-01
2.985191047191619873e-01
3.896546959877014160e-01
2.988508045673370361e-01
4.108235239982604980e-01
6.386732459068298340e-01
4.801096320152282715e-01
6.482161283493041992e-01
6.666884422302246094e-01
5.392593145370483398e-01
3.392625153064727783e-01
2.972237467765808105e-01
3.064157366752624512e-01
7.000049948692321777e-01
2.999640405178070068e-01
5.053082704544067383e-01
6.532495021820068359e-01
2.970468103885650635e-01
6.959916949272155762e-01
3.302557468414306641e-01
3.824695944786071777e-01
6.912275552749633789e-01
6.755911111831665039e-01
7.008767127990722656e-01
6.916019916534423828e-01
3.364366590976715088e-01
3.308109343051910400e-01
2.971047759056091309e-01
7.004020810127258301e-01
6.637681722640991211e-01
3.085793256759643555e-01
7.028188109397888184e-01
3.055552244186401367e-01
6.640082001686096191e-01
7.010039091110229492e-01
4.771786630153656006e-01
6.987655758857727051e-01
5.431315302848815918e-01
6.991583108901977539e-01
3.627618551254272461e-01
7.021514773368835449e-01
7.034186720848083496e-01
6.340921521186828613e-01
4.630711376667022705e-01
3.043591380119323730e-01
3.399556279182434082e-01
6.913280487060546875e-01
3.149017691612243652e-01
3.043010830879211426e-01
3.043425083160400391e-01
4.652123153209686279e-01
6.585144996643066406e-01
4.354687929153442383e-01
7.022292017936706543e-01
6.476704478263854980e-01
7.009158730506896973e-01
2.969868481159210205e-01
3.047321140766143799e-01
4.551571309566497803e-01
4.537934660911560059e-01
3.097206652164459229e-01
2.966873943805694580e-01
6.582857370376586914e-01
3.031837642192840576e-01
4.710704088211059570e-01
6.577301025390625000e-01
3.013318181037902832e-01
3.110578060150146484e-01
2.964027225971221924e-01
6.178328990936279297e-01
2.992705702781677246e-01
3.038727045059204102e-01
3.153159916400909424e-01
3.987439870834350586e-01
3.510247766971588135e-01
3.852546811103820801e-01
6.970756649971008301e-01
6.794871687889099121e-01
6.753579378128051758e-01
3.449847102165222168e-01
2.977571785449981689e-01
3.320758640766143799e-01
4.543838202953338623e-01
3.065537214279174805e-01
6.535302996635437012e-01
2.986491620540618896e-01
3.585892021656036377e-01
4.095292985439300537e-01
3.197395205497741699e-01
3.671889007091522217e-01
4.700975716114044189e-01
3.809126019477844238e-01
3.871930837631225586e-01
3.069596886634826660e-01
3.047004640102386475e-01
5.528323054313659668e-01
7.010369896888732910e-01
5.223265886306762695e-01
6.686102151870727539e-01
3.058058321475982666e-01
6.522043347358703613e-01
3.725743591785430908e-01
4.217448532581329346e-01
2.983072698116302490e-01
2.982516586780548096e-01
6.971904039382934570e-01
6.652272939682006836e-01
3.232913017272949219e-01
6.756144762039184570e-01
3.056593537330627441e-01
4.368116259574890137e-01
3.049303293228149414e-01
6.330071091651916504e-01
3.003674745559692383e-01
6.308786273002624512e-01
7.013437747955322266e-01
5.938210487365722656e-01
3.269806504249572754e-01
5.198364257812500000e-01
3.125582933425903320e-01
3.193732500076293945e-01
3.080524802207946777e-01
3.071866929531097412e-01
5.392631888389587402e-01
3.553962409496307373e-01
3.085924386978149414e-01
6.698249578475952148e-01
6.680463552474975586e-01
6.867418885231018066e-01
2.966834306716918945e-01
5.390634536743164062e-01
3.646802008152008057e-01
3.103740215301513672e-01
3.796822726726531982e-01
3.367637097835540771e-01
7.001281380653381348e-01
6.122117638587951660e-01
3.717488646507263184e-01
4.281934797763824463e-01
4.256604611873626709e-01
6.974459290504455566e-01
6.876138448715209961e-01
6.569714546203613281e-01
3.028151988983154297e-01
6.542186141014099121e-01
7.016770839691162109e-01
5.945865511894226074e-01
3.579774200916290283e-01
3.094234466552734375e-01
3.618742227554321289e-01
7.003071308135986328e-01
3.109209537506103516e-01
2.979013919830322266e-01
7.034167647361755371e-01
3.266303539276123047e-01
3.047739267349243164e-01
3.131198287010192871e-01
6.060584783554077148e-01
3.002507388591766357e-01
3.426861166954040527e-01
6.980646252632141113e-01
4.464786052703857422e-01
3.014609217643737793e-01
3.504151999950408936e-01
7.014499306678771973e-01
4.029183983802795410e-01
6.929371356964111328e-01
6.440674662590026855e-01
2.995240688323974609e-01
7.028686404228210449e-01
7.008641362190246582e-01
6.281785964965820312e-01
6.907726526260375977e-01
3.107837736606597900e-01
6.922816038131713867e-01
4.756268560886383057e-01
3.040124475955963135e-01
5.094618201255798340e-01
3.031080663204193115e-01
6.831012368202209473e-01
5.666209459304809570e-01
6.458801627159118652e-01
3.018917143344879150e-01
6.909260749816894531e-01
6.832246184349060059e-01
3.182878196239471436e-01
3.733079731464385986e-01
6.640510559082031250e-01
3.031430244445800781e-01
6.699266433715820312e-01
3.044108152389526367e-01
4.971949756145477295e-01
4.597263336181640625e-01
6.852173805236816406e-01
2.976126372814178467e-01
6.969431638717651367e-01
3.648182749748229980e-01
5.239788889884948730e-01
3.450556993484497070e-01
3.871158361434936523e-01
3.587814867496490479e-01
4.708729982376098633e-01
3.750537037849426270e-01
6.716137528419494629e-01
3.062945306301116943e-01
5.216440558433532715e-01
7.022668719291687012e-01
3.895117044448852539e-01
3.387431502342224121e-01
5.678997039794921875e-01
3.063392937183380127e-01
3.100042641162872314e-01
3.649792373180389404e-01
3.034927546977996826e-01
5.222282409667968750e-01
7.021695971488952637e-01
3.475590050220489502e-01
6.484014391899108887e-01
6.145865321159362793e-01
4.511291682720184326e-01
6.994436979293823242e-01
6.623242497444152832e-01
2.991758286952972412e-01
6.530296206474304199e-01
6.642329096794128418e-01
2.987414002418518066e-01
6.809512376785278320e-01
6.771154999732971191e-01
6.988955140113830566e-01
3.848691582679748535e-01
3.003627657890319824e-01
3.007316887378692627e-01
6.999173760414123535e-01
2.965257167816162109e-01
3.158071935176849365e-01
6.224123239517211914e-01
6.959333419799804688e-01
6.029743552207946777e-01
3.710379302501678467e-01
3.301281034946441650e-01
7.017312049865722656e-01
3.021886050701141357e-01
3.153631091117858887e-01
3.644739985466003418e-01
6.210793256759643555e-01
3.059702515602111816e-01
3.020901083946228027e-01
6.496666073799133301e-01
5.452443957328796387e-01
4.503603279590606689e-01
3.171584606170654297e-01
3.329164981842041016e-01
6.856068968772888184e-01
5.757706165313720703e-01
3.012792468070983887e-01
6.496264338493347168e-01
4.836957752704620361e-01
3.032655715942382812e-01
6.462889313697814941e-01
6.968213915824890137e-01
4.393758177757263184e-01
3.806248307228088379e-01
3.380230963230133057e-01
2.974700033664703369e-01
3.178478181362152100e-01
4.943904876708984375e-01
3.271118998527526855e-01
3.093862831592559814e-01
6.794162988662719727e-01
5.786442756652832031e-01
6.655725836753845215e-01
2.986310124397277832e-01
6.631408333778381348e-01
6.391152143478393555e-01
3.725793063640594482e-01
6.636531352996826172e-01
6.924208402633666992e-01
6.265627145767211914e-01
3.017520308494567871e-01
6.745030879974365234e-01
6.827376484870910645e-01
3.031692206859588623e-01
4.920129477977752686e-01
3.551699817180633545e-01
5.133700370788574219e-01
5.940014123916625977e-01
3.172756731510162354e-01
4.766917526721954346e-01
3.007267415523529053e-01
3.011025488376617432e-01
3.120434880256652832e-01
6.824464201927185059e-01
3.740836083889007568e-01
6.872363686561584473e-01
5.732072591781616211e-01
6.600942015647888184e-01
3.312655389308929443e-01
4.299205541610717773e-01
5.853773951530456543e-01
4.463429152965545654e-01
6.814526915550231934e-01
3.988144397735595703e-01
6.663907170295715332e-01
6.299575567245483398e-01
6.699371933937072754e-01
3.216378688812255859e-01
4.876165390014648438e-01
3.440533280372619629e-01
3.017540574073791504e-01
3.193807005882263184e-01
6.124919056892395020e-01
3.061575889587402344e-01
5.224727392196655273e-01
2.995494008064270020e-01
7.033016085624694824e-01
5.932586789131164551e-01
4.762389361858367920e-01
3.520058989524841309e-01
3.002413809299468994e-01
6.303423047065734863e-01
3.381566703319549561e-01
5.955302715301513672e-01
6.998858451843261719e-01
7.034895420074462891e-01
2.980742752552032471e-01
6.709647774696350098e-01
3.609919846057891846e-01
6.749829649925231934e-01
3.049310743808746338e-01
3.933985829353332520e-01
4.366630911827087402e-01
3.813314139842987061e-01
3.032155632972717285e-01
6.316950321197509766e-01
2.999480068683624268e-01
6.780819892883300781e-01
4.217125475406646729e-01
3.241550326347351074e-01
4.022521674633026123e-01
3.809326589107513428e-01
4.639536142349243164e-01
3.997207283973693848e-01
3.112946748733520508e-01
3.532938659191131592e-01
3.006948530673980713e-01
5.253770351409912109e-01
7.037532925605773926e-01
6.345116496086120605e-01
6.837179660797119141e-01
2.996052205562591553e-01
3.110739886760711670e-01
3.354020416736602783e-01
7.003525495529174805e-01
4.932121932506561279e-01
6.936934590339660645e-01
3.164515197277069092e-01
7.020970582962036133e-01
6.922153830528259277e-01
3.322945237159729004e-01
4.914954900741577148e-01
3.831145763397216797e-01
6.910547614097595215e-01
6.900207400321960449e-01
2.999078035354614258e-01
6.887093782424926758e-01
3.038237690925598145e-01
2.975859940052032471e-01
3.695374429225921631e-01
4.559795856475830078e-01
3.021380603313446045e-01
3.075067400932312012e-01
3.138520121574401855e-01
5.987010002136230469e-01
3.326674699783325195e-01
6.308977007865905762e-01
3.039717674255371094e-01
2.965922951698303223e-01
2.983023524284362793e-01
6.903961896896362305e-01
7.011530995368957520e-01
3.851515352725982666e-01
2.980575859546661377e-01
6.884278655052185059e-01
2.975153028964996338e-01
3.610383570194244385e-01
4.680449068546295166e-01
3.075975477695465088e-01
5.189878940582275391e-01
2.975737750530242920e-01
3.145594596862792969e-01
6.995888352394104004e-01
6.793195009231567383e-01
3.268663287162780762e-01
5.815894007682800293e-01
6.976256370544433594e-01
6.958360075950622559e-01
6.957156062126159668e-01
3.014543354511260986e-01
4.018349349498748779e-01
7.012962102890014648e-01
3.055862784385681152e-01
3.094202876091003418e-01
4.284546971321105957e-01
6.843973398208618164e-01
6.420707702636718750e-01
5.538648962974548340e-01
6.907955408096313477e-01
6.095240116119384766e-01
3.385272026062011719e-01
4.170190989971160889e-01
6.559644341468811035e-01
6.881738305091857910e-01
3.342915177345275879e-01
6.973980665206909180e-01
6.855325102806091309e-01
6.777190566062927246e-01
6.987183094024658203e-01
6.808110475540161133e-01
5.863314867019653320e-01
7.036141753196716309e-01
6.249225735664367676e-01
3.037926554679870605e-01
5.080972313880920410e-01
3.353391587734222412e-01
4.088122248649597168e-01
3.415688276290893555e-01
6.173947453498840332e-01
3.403435945510864258e-01
2.987947165966033936e-01
5.299397110939025879e-01
6.627288460731506348e-01
2.988078892230987549e-01
3.016477823257446289e-01
3.132907152175903320e-01
6.776316165924072266e-01
7.023227810859680176e-01
3.151253461837768555e-01
5.447291731834411621e-01
5.354384779930114746e-01
2.974331676959991455e-01
6.407621502876281738e-01
6.159331202507019043e-01
3.099304139614105225e-01
6.578367352485656738e-01
4.611529409885406494e-01
3.734922707080841064e-01
3.011172115802764893e-01
4.198015034198760986e-01
5.907937288284301758e-01
3.035778105258941650e-01
3.109711408615112305e-01
3.096784055233001709e-01
3.260222673416137695e-01
7.009523510932922363e-01
3.658778071403503418e-01
3.368122577667236328e-01
6.299311518669128418e-01
2.988342344760894775e-01
5.315753221511840820e-01
3.064767718315124512e-01
3.077927827835083008e-01
7.035930752754211426e-01
7.011601924896240234e-01
6.965178847312927246e-01
5.360202193260192871e-01
3.046878278255462646e-01
4.956299364566802979e-01
2.999660372734069824e-01
3.111983835697174072e-01
6.904692053794860840e-01
6.919336318969726562e-01
4.245603680610656738e-01
5.524728298187255859e-01
3.155544996261596680e-01
7.032760381698608398e-01
2.992978394031524658e-01
6.052253842353820801e-01
3.009071946144104004e-01
6.995058655738830566e-01
3.113979995250701904e-01
3.042643964290618896e-01
3.178870081901550293e-01
3.131189942359924316e-01
6.475031375885009766e-01
3.036756813526153564e-01
7.016526460647583008e-01
6.765444278717041016e-01
3.615167140960693359e-01
6.234785914421081543e-01
3.872372806072235107e-01
3.130086362361907959e-01
3.238490819931030273e-01
3.922360241413116455e-01
6.838568449020385742e-01
5.678811669349670410e-01
6.564509272575378418e-01
3.019440472126007080e-01
3.668874502182006836e-01
4.661786556243896484e-01
6.785344481468200684e-01
3.628539741039276123e-01
6.946144104003906250e-01
3.836918771266937256e-01
2.994334101676940918e-01
6.285398602485656738e-01
6.213205456733703613e-01
3.002929091453552246e-01
5.358768105506896973e-01
6.943016648292541504e-01
6.745603084564208984e-01
3.062749207019805908e-01
3.314421474933624268e-01
6.678388714790344238e-01
6.776337027549743652e-01
7.008116841316223145e-01
3.321959078311920166e-01
3.905479609966278076e-01
3.008905053138732910e-01
6.255878806114196777e-01
5.399373173713684082e-01
3.801544010639190674e-01
3.140851557254791260e-01
3.947369158267974854e-01
6.985143423080444336e-01
3.628312945365905762e-01
3.456870615482330322e-01
3.228119015693664551e-01
3.006176352500915527e-01
6.577596664428710938e-01
3.023696243762969971e-01
6.957733631134033203e-01
2.992672920227050781e-01
6.896907091140747070e-01
3.074212670326232910e-01
3.081862926483154297e-01
6.301035881042480469e-01
3.501791656017303467e-01
5.921901464462280273e-01
3.540880382061004639e-01
5.633529424667358398e-01
6.974169611930847168e-01
4.742158055305480957e-01
3.101007640361785889e-01
6.915521025657653809e-01
3.006780743598937988e-01
6.054661870002746582e-01
6.854435205459594727e-01
7.009160518646240234e-01
2.975202202796936035e-01
6.766329407691955566e-01
3.238343596458435059e-01
5.525790452957153320e-01
4.251113831996917725e-01
3.160897493362426758e-01
3.077976703643798828e-01
3.002253174781799316e-01
7.032555341720581055e-01
6.940515637397766113e-01
6.984033584594726562e-01
3.217297792434692383e-01
7.029992938041687012e-01
6.760749220848083496e-01
6.860475540161132812e-01
6.849857568740844727e-01
2.981823980808258057e-01
6.995064616203308105e-01
4.361878335475921631e-01
3.075370788574218750e-01
3.025297224521636963e-01
3.545842170715332031e-01
3.472347855567932129e-01
6.791452169418334961e-01
2.975182831287384033e-01
3.055137693881988525e-01
3.190625607967376709e-01
3.096334636211395264e-01
3.038321137428283691e-01
3.484329283237457275e-01
3.077266514301300049e-01
3.019389808177947998e-01
6.843014955520629883e-01
6.233687996864318848e-01
4.770068526268005371e-01
6.939019560813903809e-01
3.673793077468872070e-01
6.144226193428039551e-01
5.835456252098083496e-01
3.203775882720947266e-01
3.159335255622863770e-01
3.018443286418914795e-01
3.170627951622009277e-01
4.007622599601745605e-01
3.005357384681701660e-01
7.013271450996398926e-01
3.018005192279815674e-01
2.966465950012207031e-01
4.661583006381988525e-01
3.279331624507904053e-01
2.980567216873168945e-01
6.001055836677551270e-01
2.971857786178588867e-01
2.977690994739532471e-01
5.547918677330017090e-01
7.033770084381103516e-01
6.460030078887939453e-01
4.536159932613372803e-01
3.213835954666137695e-01
3.359227478504180908e-01
6.910690665245056152e-01
6.589878797531127930e-01
6.428682804107666016e-01
6.778787970542907715e-01
4.016562998294830322e-01
6.966454982757568359e-01
5.010290145874023438e-01
4.302674531936645508e-01
2.970156669616699219e-01
3.079530894756317139e-01
3.059745132923126221e-01
3.223178088665008545e-01
4.047397375106811523e-01
6.946383714675903320e-01
6.007033586502075195e-01
5.174704194068908691e-01
3.046346604824066162e-01
6.547753810882568359e-01
3.030155003070831299e-01
3.110360503196716309e-01
7.015557885169982910e-01
3.660758137702941895e-01
3.051372170448303223e-01
6.019539237022399902e-01
6.112300753593444824e-01
6.775678396224975586e-01
6.642810702323913574e-01
4.464730024337768555e-01
3.842788636684417725e-01
7.018153667449951172e-01
6.674476861953735352e-01
3.416296243667602539e-01
4.877711236476898193e-01
3.106169998645782471e-01
3.023547530174255371e-01
3.037953674793243408e-01
2.967214286327362061e-01
7.009530067443847656e-01
2.974323630332946777e-01
3.113295733928680420e-01
2.989776134490966797e-01
3.838874101638793945e-01
3.271946609020233154e-01
6.454350352287292480e-01
3.693698644638061523e-01
3.116906285285949707e-01
6.541872024536132812e-01
5.404585003852844238e-01
6.760547757148742676e-01
3.087950050830841064e-01
6.677930355072021484e-01
3.037941455841064453e-01
2.975623607635498047e-01
2.973648309707641602e-01
3.673150241374969482e-01
4.708427488803863525e-01
3.838192522525787354e-01
3.965777158737182617e-01
3.009283244609832764e-01
5.474692583084106445e-01
6.604495644569396973e-01
3.013888597488403320e-01
6.474675536155700684e-01
6.876116991043090820e-01
5.875399708747863770e-01
3.273209035396575928e-01
7.011931538581848145e-01
6.508021354675292969e-01
3.357534408569335938e-01
5.895190238952636719e-01
5.484539270401000977e-01
3.034576773643493652e-01
5.698882341384887695e-01
3.176616728305816650e-01
5.232257246971130371e-01
4.687997102737426758e-01
5.519595742225646973e-01
3.727120161056518555e-01
3.573798835277557373e-01
3.288659751415252686e-01
3.235609531402587891e-01
4.565863609313964844e-01
3.703073263168334961e-01
6.715851426124572754e-01
6.952092647552490234e-01
7.007144093513488770e-01
6.921401023864746094e-01
2.968100905418395996e-01
2.996265590190887451e-01
3.085688948631286621e-01
6.801571846008300781e-01
3.833565711975097656e-01
4.030281901359558105e-01
3.869016766548156738e-01
6.683363914489746094e-01
4.297180771827697754e-01
3.028940558433532715e-01
3.691493868827819824e-01
6.914775967597961426e-01
7.001752853393554688e-01
3.002712726593017578e-01
3.019179105758666992e-01
6.366324424743652344e-01
3.081257045269012451e-01
6.714849472045898438e-01
5.947567224502563477e-01
3.163623809814453125e-01
4.976708292961120605e-01
3.048443794250488281e-01
3.336079120635986328e-01
6.700507998466491699e-01
6.754240989685058594e-01
3.162220120429992676e-01
6.979365944862365723e-01
6.160066723823547363e-01
5.411325693130493164e-01
3.558012545108795166e-01
6.829650998115539551e-01
6.688916683197021484e-01
3.691474795341491699e-01
6.479844450950622559e-01
3.815606534481048584e-01
6.947538256645202637e-01
6.958242654800415039e-01
3.132679164409637451e-01
7.010120153427124023e-01
6.886966824531555176e-01
6.969820261001586914e-01
6.839607357978820801e-01
6.946325898170471191e-01
6.980429291725158691e-01
3.751084208488464355e-01
3.603522181510925293e-01
3.740187287330627441e-01
3.262017965316772461e-01
3.001752793788909912e-01
3.011680245399475098e-01
6.922004818916320801e-01
2.969492673873901367e-01
6.829086542129516602e-01
5.494746565818786621e-01
3.293114602565765381e-01
6.479594111442565918e-01
3.042288422584533691e-01
2.974429428577423096e-01
3.013373017311096191e-01
6.085324287414550781e-01
6.785534620285034180e-01
3.399774730205535889e-01
6.833347678184509277e-01
3.033398985862731934e-01
3.053361773490905762e-01
6.962299942970275879e-01
6.972674727439880371e-01
3.033553063869476318e-01
3.016184568405151367e-01
3.636938631534576416e-01
5.447404384613037109e-01
6.125196218490600586e-01
5.351368784904479980e-01
5.425053238868713379e-01
6.951326131820678711e-01
2.977220416069030762e-01
3.282859921455383301e-01
6.434020996093750000e-01
6.954916119575500488e-01
2.978283166885375977e-01
6.314380168914794922e-01
6.666438579559326172e-01
3.296840786933898926e-01
5.419397354125976562e-01
3.178808093070983887e-01
4.837919473648071289e-01
3.477194607257843018e-01
6.675922274589538574e-01
4.203773438930511475e-01
3.019181191921234131e-01
3.927213549613952637e-01
6.819424629211425781e-01
6.613044142723083496e-01
3.745116293430328369e-01
3.529233336448669434e-01
3.463750779628753662e-01
3.004211485385894775e-01
3.354699313640594482e-01
7.029437422752380371e-01
3.010023236274719238e-01
7.033010721206665039e-01
3.344225287437438965e-01
6.930661797523498535e-01
6.535140275955200195e-01
5.411065816879272461e-01
5.199254155158996582e-01
6.975463032722473145e-01
6.710163950920104980e-01
3.286734521389007568e-01
3.052319884300231934e-01
6.559523344039916992e-01
5.879545211791992188e-01
3.423386514186859131e-01
3.079612553119659424e-01
6.814414262771606445e-01
4.116513133049011230e-01
3.028611242771148682e-01
4.250057041645050049e-01
4.885037541389465332e-01
6.042137145996093750e-01
3.513474762439727783e-01
7.020052075386047363e-01
4.659060239791870117e-01
5.953161120414733887e-01
6.611514687538146973e-01
2.965736389160156250e-01
3.049234747886657715e-01
6.434913873672485352e-01
6.723034381866455078e-01
4.614839553833007812e-01
3.412621021270751953e-01
7.015910148620605469e-01
2.994424104690551758e-01
5.538775920867919922e-01
3.061764538288116455e-01
3.034257888793945312e-01
5.913439393043518066e-01
6.665463447570800781e-01
6.617544889450073242e-01
3.021216392517089844e-01
3.169971406459808350e-01
6.996586918830871582e-01
2.962861359119415283e-01
3.225145339965820312e-01
3.036251664161682129e-01
4.358706474304199219e-01
4.653787910938262939e-01
3.004431724548339844e-01
6.765487790107727051e-01
3.105683028697967529e-01
3.028435111045837402e-01
3.004861474037170410e-01
3.002136647701263428e-01
2.995667159557342529e-01
4.982105493545532227e-01
3.583775460720062256e-01
3.681031167507171631e-01
6.268457174301147461e-01
6.988567113876342773e-01
6.933705210685729980e-01
7.019737958908081055e-01
4.134442508220672607e-01
7.007143497467041016e-01
3.530405163764953613e-01
6.977642774581909180e-01
4.592475295066833496e-01
3.430682122707366943e-01
5.957049727439880371e-01
6.865407228469848633e-01
6.988144516944885254e-01
3.986209928989410400e-01
5.812471508979797363e-01
7.021574974060058594e-01
6.538899540901184082e-01
6.823605895042419434e-01
3.442641496658325195e-01
6.392298340797424316e-01
3.101820945739746094e-01
2.978676557540893555e-01
6.900347471237182617e-01
6.036866903305053711e-01
3.077862560749053955e-01
6.987842917442321777e-01
3.162367343902587891e-01
6.055707931518554688e-01
2.966529428958892822e-01
6.099760532379150391e-01
6.550865769386291504e-01
6.942248344421386719e-01
2.971777319908142090e-01
3.066903054714202881e-01
3.833592832088470459e-01
2.973656952381134033e-01
3.095960617065429688e-01
6.999363303184509277e-01
6.966118812561035156e-01
6.884353756904602051e-01
5.188020467758178711e-01
3.009869158267974854e-01
6.218745708465576172e-01
6.960642933845520020e-01
6.099694371223449707e-01
6.829090714454650879e-01
3.376890420913696289e-01
3.029876649379730225e-01
3.149797916412353516e-01
6.438496708869934082e-01
3.757923841476440430e-01
4.219333231449127197e-01
6.610549092292785645e-01
6.996170878410339355e-01
7.013294100761413574e-01
6.354622840881347656e-01
3.426752388477325439e-01
6.471395492553710938e-01
3.088544905185699463e-01
3.958998620510101318e-01
6.893652081489562988e-01
3.548605740070343018e-01
6.836674809455871582e-01
3.587181866168975830e-01
5.208285450935363770e-01
3.486854732036590576e-01
2.994517982006072998e-01
2.970996201038360596e-01
6.615226864814758301e-01
3.164294064044952393e-01
3.087571263313293457e-01
5.321367383003234863e-01
3.375374078750610352e-01
4.357868731021881104e-01
6.905308961868286133e-01
4.458909928798675537e-01
6.856752038002014160e-01
3.592079579830169678e-01
6.903365850448608398e-01
3.033144474029541016e-01
6.129450798034667969e-01
6.765688657760620117e-01
4.841382801532745361e-01
4.134475588798522949e-01
7.034816741943359375e-01
3.044658005237579346e-01
7.010986208915710449e-01
6.963530778884887695e-01
4.271706342697143555e-01
3.358136713504791260e-01
