6.932740211486816406e-01
6.904505491256713867e-01
7.021557688713073730e-01
6.992462277412414551e-01
7.026966214179992676e-01
7.007130980491638184e-01
3.622885346412658691e-01
4.344526529312133789e-01
5.807533264160156250e-01
2.966347932815551758e-01
6.873795390129089355e-01
6.454496979713439941e-01
3.021298348903656006e-01
2.956841886043548584e-01
7.039760947227478027e-01
5.272094607353210449e-01
5.228130221366882324e-01
2.988093495368957520e-01
6.888177990913391113e-01
4.220607578754425049e-01
2.949776351451873779e-01
6.872712373733520508e-01
2.957740426063537598e-01
6.088413596153259277e-01
7.041024565696716309e-01
7.012370824813842773e-01
6.961663961410522461e-01
7.035025358200073242e-01
6.367976069450378418e-01
7.041631340980529785e-01
3.098407685756683350e-01
2.963330447673797607e-01
3.377392292022705078e-01
5.689138770103454590e-01
3.689743280410766602e-01
6.909863948822021484e-01
3.067478835582733154e-01
6.394454836845397949e-01
7.021534442901611328e-01
4.999808073043823242e-01
3.817656040191650391e-01
3.371086716651916504e-01
7.048417329788208008e-01
3.013363480567932129e-01
2.960476279258728027e-01
7.042812705039978027e-01
3.039853572845458984e-01
6.973535418510437012e-01
6.897612214088439941e-01
4.047226607799530029e-01
7.034634947776794434e-01
3.039619326591491699e-01
2.972907721996307373e-01
3.710107505321502686e-01
6.684688329696655273e-01
7.007862925529479980e-01
3.110534250736236572e-01
6.891501545906066895e-01
2.959263026714324951e-01
3.220049440860748291e-01
6.959964632987976074e-01
7.041847705841064453e-01
3.135134577751159668e-01
3.224007487297058105e-01
3.116873800754547119e-01
6.995115280151367188e-01
3.190943300724029541e-01
3.093522787094116211e-01
6.895927190780639648e-01
3.541401326656341553e-01
2.989084720611572266e-01
7.019669413566589355e-01
3.221332430839538574e-01
6.512305140495300293e-01
6.984974145889282227e-01
6.943262219429016113e-01
6.608617901802062988e-01
4.202424287796020508e-01
6.374744772911071777e-01
6.847649216651916504e-01
3.954781591892242432e-01
4.413442313671112061e-01
6.230110526084899902e-01
3.723451197147369385e-01
6.841391921043395996e-01
7.042471766471862793e-01
6.940612792968750000e-01
3.097330331802368164e-01
3.187780380249023438e-01
3.209256231784820557e-01
7.036700248718261719e-01
4.646600484848022461e-01
6.766052246093750000e-01
4.832236468791961670e-01
3.169705867767333984e-01
6.934111714363098145e-01
3.172351419925689697e-01
7.026240229606628418e-01
3.212947547435760498e-01
7.044126391410827637e-01
2.970240414142608643e-01
6.805128455162048340e-01
7.042311429977416992e-01
3.151000440120697021e-01
6.859003305435180664e-01
7.053098678588867188e-01
7.033129334449768066e-01
3.384934961795806885e-01
6.824613809585571289e-01
7.045797109603881836e-01
6.969102025032043457e-01
3.184028863906860352e-01
7.041950225830078125e-01
3.029522001743316650e-01
6.516573429107666016e-01
7.050640583038330078e-01
4.903898537158966064e-01
6.972934007644653320e-01
3.871136903762817383e-01
2.966511547565460205e-01
4.009745121002197266e-01
6.954842209815979004e-01
6.260140538215637207e-01
3.641423285007476807e-01
6.999148130416870117e-01
6.279056072235107422e-01
2.978862822055816650e-01
3.044702708721160889e-01
6.841013431549072266e-01
3.454626798629760742e-01
4.815491735935211182e-01
2.983585000038146973e-01
6.934368610382080078e-01
6.276690363883972168e-01
3.982586562633514404e-01
3.219087421894073486e-01
5.838057994842529297e-01
3.037995398044586182e-01
2.995118796825408936e-01
6.682878136634826660e-01
3.292008936405181885e-01
6.990572214126586914e-01
3.052658438682556152e-01
5.894091725349426270e-01
2.960183322429656982e-01
5.422608256340026855e-01
7.046501636505126953e-01
3.173748552799224854e-01
5.025296807289123535e-01
2.955738604068756104e-01
6.963118314743041992e-01
7.005577087402343750e-01
3.068230450153350830e-01
3.843833208084106445e-01
3.055545985698699951e-01
3.053125143051147461e-01
2.979552745819091797e-01
6.356638073921203613e-01
7.041711211204528809e-01
2.995920777320861816e-01
6.764764785766601562e-01
3.022886812686920166e-01
3.629091382026672363e-01
3.148203790187835693e-01
3.145290315151214600e-01
6.651510000228881836e-01
7.037911415100097656e-01
7.028076648712158203e-01
4.265462160110473633e-01
6.799933910369873047e-01
6.889455318450927734e-01
3.177525997161865234e-01
3.150934278964996338e-01
4.733208119869232178e-01
6.336517930030822754e-01
5.234570503234863281e-01
3.093757033348083496e-01
2.950184047222137451e-01
7.019258737564086914e-01
7.045791745185852051e-01
3.002448976039886475e-01
3.358271718025207520e-01
5.485807657241821289e-01
7.036010622978210449e-01
3.012017011642456055e-01
4.005322158336639404e-01
2.965220212936401367e-01
6.683250069618225098e-01
2.987480461597442627e-01
6.791546344757080078e-01
2.987875044345855713e-01
4.262553453445434570e-01
6.829998493194580078e-01
7.052972316741943359e-01
6.383400559425354004e-01
3.384815156459808350e-01
6.660264134407043457e-01
6.912212967872619629e-01
6.960395574569702148e-01
4.672944843769073486e-01
5.115545392036437988e-01
3.495647907257080078e-01
6.437715291976928711e-01
7.006195783615112305e-01
3.179235756397247314e-01
6.320795416831970215e-01
2.992511093616485596e-01
6.363327503204345703e-01
3.968980312347412109e-01
3.072666227817535400e-01
2.961560785770416260e-01
6.944602131843566895e-01
6.978164911270141602e-01
3.410884737968444824e-01
6.434968709945678711e-01
3.610027432441711426e-01
6.546640992164611816e-01
2.992895543575286865e-01
3.582734763622283936e-01
6.961272358894348145e-01
6.194620728492736816e-01
3.026719093322753906e-01
5.300366282463073730e-01
3.355890810489654541e-01
6.807519197463989258e-01
6.985733509063720703e-01
6.922209858894348145e-01
6.933447122573852539e-01
5.653538107872009277e-01
3.062825202941894531e-01
3.004768788814544678e-01
7.015227675437927246e-01
3.314468562602996826e-01
6.950202584266662598e-01
6.974404454231262207e-01
7.052327990531921387e-01
3.210890889167785645e-01
3.200041353702545166e-01
7.043697237968444824e-01
6.972037553787231445e-01
6.920715570449829102e-01
3.087723851203918457e-01
6.732164025306701660e-01
7.048768401145935059e-01
6.056132912635803223e-01
7.043132781982421875e-01
3.400904834270477295e-01
6.847588419914245605e-01
5.675881505012512207e-01
3.261017501354217529e-01
6.906102299690246582e-01
6.822223663330078125e-01
6.197603940963745117e-01
6.872352957725524902e-01
6.966704726219177246e-01
7.004344463348388672e-01
5.403707027435302734e-01
6.917271018028259277e-01
6.549533009529113770e-01
3.345614075660705566e-01
6.956876516342163086e-01
3.314581513404846191e-01
3.012745678424835205e-01
2.957384288311004639e-01
6.574704051017761230e-01
7.044532299041748047e-01
6.705121994018554688e-01
6.928822994232177734e-01
5.399354696273803711e-01
3.185240030288696289e-01
4.252154529094696045e-01
5.995189547538757324e-01
3.108088672161102295e-01
6.776797771453857422e-01
7.043694257736206055e-01
3.191857337951660156e-01
4.377267658710479736e-01
6.494855284690856934e-01
6.469616293907165527e-01
4.646046459674835205e-01
3.315852880477905273e-01
6.810195446014404297e-01
2.969110012054443359e-01
3.097998201847076416e-01
3.485297560691833496e-01
3.828830718994140625e-01
3.532153069972991943e-01
5.620608925819396973e-01
6.905158758163452148e-01
3.060730397701263428e-01
6.170958280563354492e-01
7.007520794868469238e-01
5.068569779396057129e-01
7.047314047813415527e-01
6.825672984123229980e-01
2.961120605468750000e-01
3.015695214271545410e-01
7.000262141227722168e-01
3.332554399967193604e-01
3.000406920909881592e-01
3.756509721279144287e-01
2.951425313949584961e-01
3.013735413551330566e-01
5.997555255889892578e-01
3.806333541870117188e-01
3.324235081672668457e-01
5.999082922935485840e-01
5.568562746047973633e-01
6.989119648933410645e-01
6.891312599182128906e-01
7.040618658065795898e-01
7.049604654312133789e-01
6.415051817893981934e-01
4.858963489532470703e-01
3.301689028739929199e-01
6.569567918777465820e-01
6.896073222160339355e-01
5.083642601966857910e-01
4.671034514904022217e-01
7.005577683448791504e-01
3.351611793041229248e-01
2.977031171321868896e-01
6.071774363517761230e-01
3.338804244995117188e-01
4.054520726203918457e-01
6.199159026145935059e-01
7.030020952224731445e-01
3.758240640163421631e-01
3.029665350914001465e-01
7.030183076858520508e-01
4.057294726371765137e-01
6.617084145545959473e-01
3.641429543495178223e-01
2.981819510459899902e-01
5.603068470954895020e-01
6.806125044822692871e-01
2.995376288890838623e-01
6.726742386817932129e-01
7.037733197212219238e-01
6.986908316612243652e-01
3.878611326217651367e-01
4.543550312519073486e-01
3.491376042366027832e-01
6.422443389892578125e-01
6.276615858078002930e-01
6.785963177680969238e-01
6.935772299766540527e-01
6.990701556205749512e-01
6.980751752853393555e-01
7.025785446166992188e-01
5.711410641670227051e-01
3.619780242443084717e-01
6.623798012733459473e-01
6.560952663421630859e-01
6.703129410743713379e-01
3.037553429603576660e-01
5.566124320030212402e-01
2.975062131881713867e-01
3.235632181167602539e-01
6.989380121231079102e-01
3.194858729839324951e-01
4.698709547519683838e-01
7.050851583480834961e-01
6.902546286582946777e-01
7.048163414001464844e-01
6.646397113800048828e-01
3.032678067684173584e-01
4.671735763549804688e-01
6.420553922653198242e-01
3.116373121738433838e-01
7.009682059288024902e-01
5.816867351531982422e-01
3.464298546314239502e-01
3.410944938659667969e-01
3.629354238510131836e-01
5.172972679138183594e-01
3.254210948944091797e-01
3.032599389553070068e-01
6.975686550140380859e-01
6.836314201354980469e-01
3.053780496120452881e-01
5.993725061416625977e-01
7.044151425361633301e-01
6.979909539222717285e-01
3.095282316207885742e-01
6.785625219345092773e-01
3.025686740875244141e-01
7.003683447837829590e-01
2.998630702495574951e-01
6.981672644615173340e-01
6.871024966239929199e-01
3.002373874187469482e-01
4.724242091178894043e-01
7.011663317680358887e-01
2.979705929756164551e-01
2.998678982257843018e-01
4.495047926902770996e-01
3.184469342231750488e-01
5.843035578727722168e-01
6.829842329025268555e-01
3.953148126602172852e-01
7.036685943603515625e-01
6.814603805541992188e-01
7.034233808517456055e-01
7.010737061500549316e-01
6.136931777000427246e-01
6.801750063896179199e-01
7.040823101997375488e-01
3.504690229892730713e-01
6.841611862182617188e-01
3.071348965167999268e-01
2.978013455867767334e-01
3.472802340984344482e-01
3.318099975585937500e-01
6.001120209693908691e-01
6.509674191474914551e-01
6.737488508224487305e-01
6.916555166244506836e-01
4.026106894016265869e-01
3.460684120655059814e-01
5.642473101615905762e-01
6.662817001342773438e-01
2.971524000167846680e-01
3.319604098796844482e-01
7.007659077644348145e-01
6.508989334106445312e-01
3.530950844287872314e-01
6.462748646736145020e-01
2.961493134498596191e-01
6.853243112564086914e-01
4.075730443000793457e-01
3.000008761882781982e-01
3.439679443836212158e-01
6.813668012619018555e-01
6.236944198608398438e-01
5.898362994194030762e-01
3.064753115177154541e-01
3.812465369701385498e-01
6.278637647628784180e-01
3.258778750896453857e-01
7.043991088867187500e-01
3.014731705188751221e-01
7.034181952476501465e-01
3.310807645320892334e-01
3.218060433864593506e-01
7.047772407531738281e-01
3.062427341938018799e-01
4.917325973510742188e-01
3.141866326332092285e-01
2.961761057376861572e-01
3.505815267562866211e-01
6.976441740989685059e-01
6.775402426719665527e-01
7.053042054176330566e-01
7.048044800758361816e-01
6.334778666496276855e-01
6.411502957344055176e-01
6.867739558219909668e-01
7.023288607597351074e-01
3.485881090164184570e-01
4.919829368591308594e-01
7.019762992858886719e-01
3.653096854686737061e-01
5.925269722938537598e-01
3.318327665328979492e-01
3.275812566280364990e-01
3.097086846828460693e-01
4.379332959651947021e-01
3.512206673622131348e-01
5.967807173728942871e-01
3.088554441928863525e-01
7.013648152351379395e-01
3.108064532279968262e-01
7.040014266967773438e-01
2.958276569843292236e-01
3.802501261234283447e-01
3.580538928508758545e-01
6.202583909034729004e-01
6.191688776016235352e-01
3.131955265998840332e-01
7.026199102401733398e-01
2.965800762176513672e-01
3.176077604293823242e-01
3.009729385375976562e-01
6.102448105812072754e-01
3.615446388721466064e-01
7.039341926574707031e-01
6.171347498893737793e-01
7.045317292213439941e-01
3.058891594409942627e-01
2.977041006088256836e-01
3.205895423889160156e-01
4.859751164913177490e-01
7.034770250320434570e-01
3.079637885093688965e-01
5.616702437400817871e-01
6.760135889053344727e-01
5.927854180335998535e-01
5.085005760192871094e-01
7.000301480293273926e-01
6.938884258270263672e-01
6.107687950134277344e-01
4.693062901496887207e-01
3.054371476173400879e-01
3.202640712261199951e-01
3.008003830909729004e-01
3.066617250442504883e-01
6.992691159248352051e-01
7.027555108070373535e-01
2.996701002120971680e-01
5.575986504554748535e-01
4.156711399555206299e-01
3.226258754730224609e-01
3.894629478454589844e-01
6.090942621231079102e-01
3.096286356449127197e-01
2.966158688068389893e-01
5.837191343307495117e-01
4.000452458858489990e-01
6.954006552696228027e-01
7.031294107437133789e-01
6.241188645362854004e-01
6.909636259078979492e-01
3.002987504005432129e-01
7.005845904350280762e-01
3.099557757377624512e-01
6.596390008926391602e-01
3.129614591598510742e-01
6.851930022239685059e-01
6.963276863098144531e-01
5.595327019691467285e-01
7.037930488586425781e-01
6.897152662277221680e-01
7.038497924804687500e-01
3.807681202888488770e-01
4.296636879444122314e-01
6.603220105171203613e-01
2.975798547267913818e-01
6.995031237602233887e-01
4.375196397304534912e-01
3.169380724430084229e-01
3.138861358165740967e-01
5.320038795471191406e-01
6.972027420997619629e-01
7.016957998275756836e-01
3.869627416133880615e-01
4.281990230083465576e-01
6.693442463874816895e-01
3.148647248744964600e-01
2.964669167995452881e-01
3.609909713268280029e-01
3.237351179122924805e-01
2.985463738441467285e-01
2.982599437236785889e-01
5.764505267143249512e-01
5.304660201072692871e-01
7.022264599800109863e-01
6.612876653671264648e-01
6.961728334426879883e-01
6.991481781005859375e-01
6.796058416366577148e-01
3.660880923271179199e-01
4.433749616146087646e-01
6.073514223098754883e-01
7.029644846916198730e-01
6.916290521621704102e-01
3.137768805027008057e-01
6.951232552528381348e-01
5.370027422904968262e-01
6.892951726913452148e-01
3.540356755256652832e-01
4.942325353622436523e-01
6.462905406951904297e-01
6.248530149459838867e-01
6.688891649246215820e-01
6.204155087471008301e-01
3.835001587867736816e-01
6.957751512527465820e-01
7.050334811210632324e-01
6.530737280845642090e-01
6.379313468933105469e-01
2.997827231884002686e-01
2.973476052284240723e-01
3.059304952621459961e-01
4.859403669834136963e-01
2.999961972236633301e-01
3.309485316276550293e-01
6.649271845817565918e-01
3.088123202323913574e-01
3.511709868907928467e-01
3.350170552730560303e-01
3.352284729480743408e-01
3.294218480587005615e-01
3.188817203044891357e-01
7.018297910690307617e-01
3.390531539916992188e-01
2.957074642181396484e-01
3.040242791175842285e-01
4.279223382472991943e-01
3.826502263545989990e-01
3.014538884162902832e-01
7.025169134140014648e-01
7.015165686607360840e-01
6.610212326049804688e-01
4.575965106487274170e-01
5.280985236167907715e-01
6.704541444778442383e-01
6.272413730621337891e-01
5.245136618614196777e-01
4.835517406463623047e-01
6.872134804725646973e-01
5.327963829040527344e-01
3.093201220035552979e-01
4.578450024127960205e-01
6.008864641189575195e-01
7.043066620826721191e-01
4.359126091003417969e-01
6.909369230270385742e-01
3.366054594516754150e-01
3.300099968910217285e-01
6.710162758827209473e-01
3.140440881252288818e-01
4.436821043491363525e-01
7.028092741966247559e-01
6.860116720199584961e-01
3.075474798679351807e-01
7.038058042526245117e-01
3.009032309055328369e-01
3.157596588134765625e-01
5.421106219291687012e-01
3.265763521194458008e-01
6.805822849273681641e-01
3.377794027328491211e-01
6.266492009162902832e-01
6.996380090713500977e-01
4.995259940624237061e-01
3.284674584865570068e-01
6.849669218063354492e-01
6.982343196868896484e-01
2.966609895229339600e-01
3.037217855453491211e-01
3.510654568672180176e-01
7.025271058082580566e-01
6.880576610565185547e-01
6.991449594497680664e-01
5.089132785797119141e-01
7.043494582176208496e-01
5.393060445785522461e-01
5.821071863174438477e-01
3.452920913696289062e-01
7.049365639686584473e-01
6.179756522178649902e-01
6.662154793739318848e-01
2.948126196861267090e-01
3.267032206058502197e-01
3.030497133731842041e-01
3.031894862651824951e-01
3.370268642902374268e-01
6.776594519615173340e-01
2.962644100189208984e-01
6.996111869812011719e-01
7.033802270889282227e-01
2.964032590389251709e-01
6.056755781173706055e-01
6.996369957923889160e-01
7.046875953674316406e-01
2.955245375633239746e-01
3.508292734622955322e-01
3.198952674865722656e-01
7.036151885986328125e-01
5.820201635360717773e-01
3.094280958175659180e-01
4.390047788619995117e-01
6.917743682861328125e-01
2.980148196220397949e-01
6.848309040069580078e-01
3.555979430675506592e-01
3.183356225490570068e-01
7.000390887260437012e-01
3.087476789951324463e-01
3.107768893241882324e-01
7.029558420181274414e-01
3.114107251167297363e-01
5.165590643882751465e-01
4.126174747943878174e-01
2.985986471176147461e-01
5.956987142562866211e-01
6.566433906555175781e-01
5.832530260086059570e-01
3.213497996330261230e-01
3.157780468463897705e-01
3.008550107479095459e-01
6.774035692214965820e-01
4.636602103710174561e-01
7.021978497505187988e-01
4.468204081058502197e-01
4.047169685363769531e-01
7.038102746009826660e-01
6.978722810745239258e-01
6.061344742774963379e-01
3.369209468364715576e-01
4.464227259159088135e-01
3.161452114582061768e-01
4.212362468242645264e-01
5.437910556793212891e-01
4.137396514415740967e-01
4.820474982261657715e-01
5.502002239227294922e-01
6.514075994491577148e-01
7.034299969673156738e-01
4.656431972980499268e-01
6.798490881919860840e-01
3.393840193748474121e-01
3.296457827091217041e-01
6.823844909667968750e-01
5.173327326774597168e-01
6.708835363388061523e-01
7.008644938468933105e-01
3.012712597846984863e-01
7.022790312767028809e-01
6.595222949981689453e-01
6.939448714256286621e-01
6.629563570022583008e-01
6.849377751350402832e-01
7.009418606758117676e-01
6.776529550552368164e-01
7.047992944717407227e-01
4.033966660499572754e-01
3.188819885253906250e-01
6.958590149879455566e-01
7.047155499458312988e-01
2.998530864715576172e-01
4.069422483444213867e-01
2.989501357078552246e-01
4.473429024219512939e-01
3.025954067707061768e-01
3.307111263275146484e-01
3.190588355064392090e-01
3.887526392936706543e-01
2.973846197128295898e-01
2.994755506515502930e-01
3.000332415103912354e-01
3.351622223854064941e-01
3.078014552593231201e-01
3.231322467327117920e-01
6.580277681350708008e-01
2.983853220939636230e-01
6.816750168800354004e-01
3.508284687995910645e-01
6.515556573867797852e-01
2.983043193817138672e-01
7.026372551918029785e-01
3.161476254463195801e-01
4.946300387382507324e-01
6.941909790039062500e-01
5.928406715393066406e-01
3.321124911308288574e-01
7.011718153953552246e-01
3.320505619049072266e-01
3.085630834102630615e-01
2.949558198451995850e-01
7.001124620437622070e-01
5.568752884864807129e-01
6.756647825241088867e-01
2.978714108467102051e-01
3.006129562854766846e-01
3.012207150459289551e-01
2.952703833580017090e-01
7.016318440437316895e-01
4.559649527072906494e-01
4.669387042522430420e-01
6.624185442924499512e-01
4.230283498764038086e-01
6.091135144233703613e-01
4.537107050418853760e-01
3.324067890644073486e-01
4.218008220195770264e-01
2.952847778797149658e-01
6.848192214965820312e-01
5.691719651222229004e-01
3.560608923435211182e-01
7.047363519668579102e-01
3.906805217266082764e-01
6.975483894348144531e-01
6.711989641189575195e-01
7.052382826805114746e-01
3.055078983306884766e-01
7.013326883316040039e-01
2.983810901641845703e-01
2.987516224384307861e-01
3.430148661136627197e-01
6.899495124816894531e-01
2.957722544670104980e-01
2.996293008327484131e-01
6.283698678016662598e-01
5.601264238357543945e-01
3.605892062187194824e-01
3.707333803176879883e-01
3.998615741729736328e-01
5.381622910499572754e-01
3.003487288951873779e-01
6.810296773910522461e-01
7.039513587951660156e-01
5.174413919448852539e-01
6.925061345100402832e-01
6.920335292816162109e-01
6.985498070716857910e-01
6.452097296714782715e-01
6.815441846847534180e-01
3.235462605953216553e-01
3.997803628444671631e-01
5.083268880844116211e-01
3.956641852855682373e-01
7.015381455421447754e-01
4.812350273132324219e-01
6.819102764129638672e-01
7.043115496635437012e-01
3.015281856060028076e-01
6.217364072799682617e-01
6.702010631561279297e-01
6.492740511894226074e-01
6.837815046310424805e-01
3.089497089385986328e-01
4.204652607440948486e-01
6.989671587944030762e-01
3.207241296768188477e-01
2.957437038421630859e-01
7.020403742790222168e-01
6.894900202751159668e-01
2.979109585285186768e-01
6.874147057533264160e-01
5.690404772758483887e-01
3.660401999950408936e-01
3.631238043308258057e-01
6.940222382545471191e-01
3.528605699539184570e-01
4.118206202983856201e-01
3.559156954288482666e-01
3.170241117477416992e-01
3.606930375099182129e-01
5.492304563522338867e-01
6.287874579429626465e-01
2.996578514575958252e-01
2.966150343418121338e-01
4.232941865921020508e-01
6.717584729194641113e-01
6.898109316825866699e-01
6.953462958335876465e-01
3.742169737815856934e-01
3.893986642360687256e-01
7.045440077781677246e-01
2.990162074565887451e-01
4.606292545795440674e-01
3.888283669948577881e-01
2.986015081405639648e-01
3.615050911903381348e-01
4.991990029811859131e-01
7.034418582916259766e-01
6.095287799835205078e-01
5.857746601104736328e-01
6.802652478218078613e-01
2.946497201919555664e-01
3.211265206336975098e-01
3.449208736419677734e-01
3.232216238975524902e-01
3.242340385913848877e-01
6.685280799865722656e-01
4.161104261875152588e-01
3.053450882434844971e-01
3.975881040096282959e-01
3.373650014400482178e-01
2.953327298164367676e-01
7.032023072242736816e-01
3.224367201328277588e-01
6.222501397132873535e-01
5.213508605957031250e-01
6.766183376312255859e-01
7.005493640899658203e-01
6.993541717529296875e-01
5.418068766593933105e-01
6.908727288246154785e-01
6.388163566589355469e-01
3.436188101768493652e-01
3.339949548244476318e-01
6.982851028442382812e-01
6.863726973533630371e-01
3.461586534976959229e-01
6.920882463455200195e-01
3.876371979713439941e-01
4.594305455684661865e-01
3.594565987586975098e-01
6.903650164604187012e-01
5.653884410858154297e-01
6.983603239059448242e-01
6.550959944725036621e-01
6.559247374534606934e-01
5.037038326263427734e-01
7.010278105735778809e-01
6.982482671737670898e-01
3.182172477245330811e-01
4.134020209312438965e-01
2.980080246925354004e-01
5.571036338806152344e-01
4.844966530799865723e-01
5.952474474906921387e-01
5.257766246795654297e-01
6.999667286872863770e-01
3.160116672515869141e-01
6.780066490173339844e-01
6.979196667671203613e-01
3.117491900920867920e-01
6.940397024154663086e-01
3.013817667961120605e-01
3.331427574157714844e-01
3.633745014667510986e-01
2.959146797657012939e-01
3.442865908145904541e-01
2.951300144195556641e-01
6.757043600082397461e-01
3.120335042476654053e-01
4.378641247749328613e-01
6.685552000999450684e-01
3.187251091003417969e-01
6.489562392234802246e-01
6.983955502510070801e-01
5.323464274406433105e-01
3.003157973289489746e-01
3.703673779964447021e-01
3.092503547668457031e-01
5.229088664054870605e-01
7.022061347961425781e-01
6.689776182174682617e-01
4.488664269447326660e-01
3.065797984600067139e-01
7.049340605735778809e-01
4.640656709671020508e-01
2.949975728988647461e-01
6.899331212043762207e-01
7.019842863082885742e-01
3.304693698883056641e-01
7.025457024574279785e-01
5.543293952941894531e-01
6.206642985343933105e-01
6.907129287719726562e-01
7.050614953041076660e-01
3.011812865734100342e-01
7.039855718612670898e-01
6.945068836212158203e-01
3.172883987426757812e-01
6.952166557312011719e-01
7.053086757659912109e-01
5.026909708976745605e-01
6.820133924484252930e-01
3.913614451885223389e-01
6.826494932174682617e-01
6.914882063865661621e-01
2.998162806034088135e-01
4.309800565242767334e-01
6.666276454925537109e-01
7.023790478706359863e-01
3.624975979328155518e-01
7.050888538360595703e-01
6.569347977638244629e-01
3.064084649085998535e-01
3.072247505187988281e-01
3.353371620178222656e-01
7.027348279953002930e-01
7.046546936035156250e-01
6.821591258049011230e-01
3.002465367317199707e-01
5.555918216705322266e-01
6.036086678504943848e-01
3.314444720745086670e-01
3.668328225612640381e-01
7.045615315437316895e-01
7.031877636909484863e-01
3.099481463432312012e-01
5.611924529075622559e-01
6.982539892196655273e-01
3.244764804840087891e-01
6.964315772056579590e-01
6.978409290313720703e-01
5.906202793121337891e-01
7.015148401260375977e-01
3.049802780151367188e-01
7.026868462562561035e-01
6.962030529975891113e-01
3.098525702953338623e-01
3.095832765102386475e-01
3.590241670608520508e-01
6.669138669967651367e-01
3.154565393924713135e-01
6.478490829467773438e-01
3.289676904678344727e-01
6.583753824234008789e-01
7.013899087905883789e-01
3.090214431285858154e-01
3.479770421981811523e-01
6.026924252510070801e-01
6.606137156486511230e-01
6.200572848320007324e-01
6.776465773582458496e-01
6.709772348403930664e-01
6.674659848213195801e-01
5.393109321594238281e-01
6.953364610671997070e-01
3.117651641368865967e-01
6.944346427917480469e-01
2.977255284786224365e-01
6.975169181823730469e-01
4.994919598102569580e-01
2.954558134078979492e-01
3.031814992427825928e-01
2.985715270042419434e-01
2.997632026672363281e-01
3.044025599956512451e-01
6.995639801025390625e-01
6.920323371887207031e-01
4.708799123764038086e-01
3.180997669696807861e-01
7.021718025207519531e-01
3.070619702339172363e-01
5.790908336639404297e-01
3.111355006694793701e-01
2.983024716377258301e-01
3.662021160125732422e-01
3.002418279647827148e-01
7.023605704307556152e-01
6.969693899154663086e-01
3.837843537330627441e-01
2.963091135025024414e-01
2.979846596717834473e-01
3.131344318389892578e-01
3.952506780624389648e-01
6.586374044418334961e-01
3.301630318164825439e-01
6.788402795791625977e-01
4.283099472522735596e-01
3.069331943988800049e-01
5.700023770332336426e-01
3.032782673835754395e-01
4.907243549823760986e-01
6.756123304367065430e-01
3.038918972015380859e-01
2.990875244140625000e-01
6.431832313537597656e-01
2.999327182769775391e-01
6.911081075668334961e-01
4.775620698928833008e-01
6.494903564453125000e-01
6.977252960205078125e-01
6.692647337913513184e-01
7.018376588821411133e-01
7.022374272346496582e-01
6.845436096191406250e-01
6.933804154396057129e-01
7.032167911529541016e-01
3.918630778789520264e-01
3.667868375778198242e-01
2.961460351943969727e-01
4.653488993644714355e-01
3.135581612586975098e-01
2.960262894630432129e-01
6.927984356880187988e-01
3.413911759853363037e-01
6.478029489517211914e-01
3.066106438636779785e-01
6.773325800895690918e-01
3.024266660213470459e-01
3.115016818046569824e-01
6.797266006469726562e-01
6.412050127983093262e-01
2.981546521186828613e-01
6.076602935791015625e-01
6.793098449707031250e-01
3.226217329502105713e-01
3.207253515720367432e-01
3.050897121429443359e-01
3.819949328899383545e-01
4.480386674404144287e-01
4.002816379070281982e-01
3.139695823192596436e-01
3.190084993839263916e-01
7.047427296638488770e-01
3.100387156009674072e-01
6.974131464958190918e-01
5.057673454284667969e-01
6.927268505096435547e-01
7.053236961364746094e-01
4.303196966648101807e-01
2.959164977073669434e-01
6.740431189537048340e-01
2.977386116981506348e-01
7.027210593223571777e-01
3.682361841201782227e-01
3.494735658168792725e-01
6.978948116302490234e-01
4.468418359756469727e-01
7.014085650444030762e-01
4.278810620307922363e-01
3.154771625995635986e-01
6.896408796310424805e-01
2.963681221008300781e-01
6.879423856735229492e-01
3.976214230060577393e-01
3.750486969947814941e-01
3.072237074375152588e-01
5.407543182373046875e-01
7.048774361610412598e-01
3.107662200927734375e-01
2.961515486240386963e-01
6.703196763992309570e-01
7.022382020950317383e-01
2.965675890445709229e-01
6.037671566009521484e-01
6.957682967185974121e-01
3.028905093669891357e-01
3.393698632717132568e-01
3.038432002067565918e-01
6.752591729164123535e-01
2.978405356407165527e-01
6.075180768966674805e-01
7.030311226844787598e-01
3.282124400138854980e-01
7.041922211647033691e-01
7.049787044525146484e-01
6.559454798698425293e-01
6.966871619224548340e-01
6.913166046142578125e-01
6.634289622306823730e-01
6.971454024314880371e-01
7.032098770141601562e-01
2.967699766159057617e-01
2.975885570049285889e-01
4.518111646175384521e-01
3.292858898639678955e-01
6.941857337951660156e-01
6.988620162010192871e-01
6.615442633628845215e-01
3.445163965225219727e-01
3.152699768543243408e-01
6.943108439445495605e-01
5.594834089279174805e-01
3.134690225124359131e-01
5.470963120460510254e-01
6.124168038368225098e-01
3.506872057914733887e-01
3.497046232223510742e-01
3.465539813041687012e-01
4.342381060123443604e-01
3.064671158790588379e-01
7.036271095275878906e-01
6.926169395446777344e-01
4.968427717685699463e-01
3.065938055515289307e-01
3.084969818592071533e-01
7.012361884117126465e-01
3.021307885646820068e-01
3.029726147651672363e-01
6.434874534606933594e-01
2.994701564311981201e-01
6.926628351211547852e-01
6.736677885055541992e-01
6.985254883766174316e-01
3.272012770175933838e-01
2.958326935768127441e-01
6.420730948448181152e-01
2.997872233390808105e-01
2.953149676322937012e-01
3.217547237873077393e-01
3.351606726646423340e-01
7.049363255500793457e-01
6.135223507881164551e-01
4.381861686706542969e-01
4.880370795726776123e-01
3.094566762447357178e-01
5.971578359603881836e-01
3.111676573753356934e-01
2.968433499336242676e-01
5.314899682998657227e-01
6.858890652656555176e-01
3.228858411312103271e-01
5.623320341110229492e-01
6.908071041107177734e-01
6.887145638465881348e-01
2.981022298336029053e-01
3.579623997211456299e-01
3.171987533569335938e-01
6.931752562522888184e-01
2.954619824886322021e-01
2.959633767604827881e-01
6.953549981117248535e-01
6.070606708526611328e-01
6.278983354568481445e-01
6.846684813499450684e-01
6.154212951660156250e-01
3.450466990470886230e-01
3.158204555511474609e-01
3.155540823936462402e-01
6.680368185043334961e-01
6.653079390525817871e-01
3.741325139999389648e-01
5.586411356925964355e-01
7.037556171417236328e-01
5.584531426429748535e-01
6.943891644477844238e-01
7.048950791358947754e-01
3.311181068420410156e-01
3.554927408695220947e-01
5.738198161125183105e-01
4.438660144805908203e-01
2.976833879947662354e-01
5.688130855560302734e-01
6.674276590347290039e-01
6.002538800239562988e-01
2.953492999076843262e-01
7.008767724037170410e-01
3.244455754756927490e-01
7.003465294837951660e-01
3.123202621936798096e-01
6.522913575172424316e-01
6.942330598831176758e-01
3.526287078857421875e-01
3.047956228256225586e-01
5.520960688591003418e-01
3.767443597316741943e-01
5.391287803649902344e-01
6.417619585990905762e-01
4.154756069183349609e-01
6.340217590332031250e-01
6.802614331245422363e-01
7.038913369178771973e-01
4.580993056297302246e-01
3.147044777870178223e-01
2.970080971717834473e-01
3.124744594097137451e-01
4.330131709575653076e-01
4.351336658000946045e-01
2.962662279605865479e-01
7.045238614082336426e-01
3.028790950775146484e-01
6.898522973060607910e-01
3.171198368072509766e-01
4.449552595615386963e-01
7.016218304634094238e-01
3.117646872997283936e-01
5.742353796958923340e-01
3.383202254772186279e-01
7.033194303512573242e-01
3.006895780563354492e-01
7.021064162254333496e-01
3.822027742862701416e-01
3.036549687385559082e-01
3.729767501354217529e-01
4.028295874595642090e-01
6.905431151390075684e-01
3.244529962539672852e-01
6.769849061965942383e-01
3.323405683040618896e-01
2.953392565250396729e-01
7.026758790016174316e-01
3.068754374980926514e-01
7.024964094161987305e-01
2.948495447635650635e-01
3.401928842067718506e-01
6.995329260826110840e-01
2.981109321117401123e-01
3.178991973400115967e-01
4.233838319778442383e-01
4.273302853107452393e-01
7.024281620979309082e-01
6.920350193977355957e-01
3.112536370754241943e-01
3.260421156883239746e-01
7.021643519401550293e-01
3.975359499454498291e-01
4.852322041988372803e-01
4.156247675418853760e-01
4.628390669822692871e-01
4.221301674842834473e-01
7.050845623016357422e-01
3.918312191963195801e-01
7.044857144355773926e-01
7.028699517250061035e-01
3.509638309478759766e-01
3.136177062988281250e-01
4.021022915840148926e-01
6.510513424873352051e-01
3.275155127048492432e-01
6.966858506202697754e-01
5.615990161895751953e-01
3.315196931362152100e-01
3.573974370956420898e-01
6.844257712364196777e-01
3.716938495635986328e-01
3.025766909122467041e-01
3.745979666709899902e-01
4.571294188499450684e-01
3.010385930538177490e-01
7.009184360504150391e-01
3.361835479736328125e-01
3.400218486785888672e-01
5.099604129791259766e-01
7.038924098014831543e-01
6.735811233520507812e-01
5.136711001396179199e-01
5.763562917709350586e-01
3.106382489204406738e-01
6.936481595039367676e-01
6.897866725921630859e-01
3.159820437431335449e-01
3.716638088226318359e-01
3.355135917663574219e-01
3.667521476745605469e-01
4.559340775012969971e-01
7.017526626586914062e-01
6.704500913619995117e-01
7.011286020278930664e-01
5.858271718025207520e-01
3.636134862899780273e-01
4.219230413436889648e-01
3.057920634746551514e-01
3.042340278625488281e-01
6.949630379676818848e-01
3.004154860973358154e-01
3.022949397563934326e-01
4.708220362663269043e-01
3.282164335250854492e-01
6.330186724662780762e-01
3.649074733257293701e-01
6.088370680809020996e-01
7.051650285720825195e-01
6.998292207717895508e-01
3.196823000907897949e-01
3.890436887741088867e-01
6.988643407821655273e-01
3.000108897686004639e-01
3.160321414470672607e-01
5.829591155052185059e-01
6.616635918617248535e-01
3.815627396106719971e-01
7.028706073760986328e-01
3.268820643424987793e-01
3.073517084121704102e-01
3.416899740695953369e-01
3.052666783332824707e-01
7.012290954589843750e-01
6.936969757080078125e-01
3.035547435283660889e-01
3.142932355403900146e-01
6.987223029136657715e-01
6.790423393249511719e-01
7.043563127517700195e-01
6.890006661415100098e-01
3.674915134906768799e-01
3.085623979568481445e-01
6.274930238723754883e-01
6.255869269371032715e-01
4.282432496547698975e-01
3.579939901828765869e-01
7.050316929817199707e-01
3.008264899253845215e-01
7.044227719306945801e-01
4.519054591655731201e-01
6.927599310874938965e-01
6.614223718643188477e-01
3.239895701408386230e-01
2.985719442367553711e-01
3.462202847003936768e-01
3.131828606128692627e-01
6.654248833656311035e-01
3.058147132396697998e-01
6.967482566833496094e-01
6.896419525146484375e-01
6.568388938903808594e-01
7.044183611869812012e-01
6.857059001922607422e-01
6.754487156867980957e-01
6.939073204994201660e-01
6.922566890716552734e-01
6.976889967918395996e-01
3.115716576576232910e-01
3.037524223327636719e-01
4.564374983310699463e-01
5.153568387031555176e-01
7.018010020256042480e-01
6.679274439811706543e-01
6.994195580482482910e-01
7.000725269317626953e-01
7.046400308609008789e-01
3.099830150604248047e-01
7.031367421150207520e-01
5.679118037223815918e-01
7.052546143531799316e-01
6.794894933700561523e-01
3.168412446975708008e-01
4.392150938510894775e-01
3.856796026229858398e-01
3.786408305168151855e-01
2.953266501426696777e-01
3.000180721282958984e-01
7.023109197616577148e-01
7.043876647949218750e-01
3.258950412273406982e-01
2.950347661972045898e-01
3.021220862865447998e-01
3.443146049976348877e-01
2.960331439971923828e-01
3.411957621574401855e-01
6.959692835807800293e-01
6.870791912078857422e-01
3.003753721714019775e-01
6.816176772117614746e-01
3.254683017730712891e-01
3.561963140964508057e-01
6.374065279960632324e-01
3.077150285243988037e-01
7.000929117202758789e-01
6.937069296836853027e-01
3.305340111255645752e-01
6.946400403976440430e-01
2.957548499107360840e-01
6.979773044586181641e-01
6.829125285148620605e-01
3.006488978862762451e-01
6.193560361862182617e-01
7.026449441909790039e-01
3.025775849819183350e-01
7.037553191184997559e-01
6.007441878318786621e-01
3.142903149127960205e-01
7.013794779777526855e-01
6.361881494522094727e-01
4.957359731197357178e-01
3.015800714492797852e-01
6.411439776420593262e-01
4.322501718997955322e-01
5.927018523216247559e-01
6.570286750793457031e-01
6.696619987487792969e-01
4.441338479518890381e-01
7.016001939773559570e-01
6.992847919464111328e-01
3.728106617927551270e-01
3.413228988647460938e-01
3.637901544570922852e-01
6.530763506889343262e-01
7.002651691436767578e-01
3.485158383846282959e-01
6.980145573616027832e-01
7.039741277694702148e-01
4.396822452545166016e-01
7.052215933799743652e-01
3.019770681858062744e-01
3.014487624168395996e-01
5.774034857749938965e-01
6.721352338790893555e-01
4.002314209938049316e-01
5.645673871040344238e-01
4.187452495098114014e-01
7.049286365509033203e-01
3.172888457775115967e-01
6.961340308189392090e-01
3.642831742763519287e-01
6.584120988845825195e-01
3.070093393325805664e-01
3.819178938865661621e-01
2.987021207809448242e-01
3.294704258441925049e-01
2.974238097667694092e-01
5.914483070373535156e-01
6.898267269134521484e-01
3.660145401954650879e-01
2.967717051506042480e-01
6.569368243217468262e-01
3.111330568790435791e-01
4.785861372947692871e-01
3.176845014095306396e-01
6.205919384956359863e-01
2.971737384796142578e-01
6.700704693794250488e-01
6.867501735687255859e-01
3.168692588806152344e-01
6.818730235099792480e-01
6.992229223251342773e-01
3.184228539466857910e-01
5.562725067138671875e-01
4.763787686824798584e-01
2.964263558387756348e-01
6.914246678352355957e-01
2.966412007808685303e-01
7.032914161682128906e-01
7.024341821670532227e-01
3.016872704029083252e-01
3.354149162769317627e-01
3.195741474628448486e-01
7.049325108528137207e-01
3.535908162593841553e-01
7.028209567070007324e-01
5.293725728988647461e-01
7.035309672355651855e-01
6.359423995018005371e-01
3.936672508716583252e-01
3.167710304260253906e-01
3.189691007137298584e-01
7.049789428710937500e-01
3.995420038700103760e-01
2.956222593784332275e-01
7.044109702110290527e-01
3.468753099441528320e-01
6.925720572471618652e-01
5.234608054161071777e-01
7.018211483955383301e-01
3.207671642303466797e-01
6.977818012237548828e-01
3.833998143672943115e-01
7.052040696144104004e-01
3.419614732265472412e-01
3.077596426010131836e-01
4.400765597820281982e-01
6.359075903892517090e-01
3.306463956832885742e-01
2.985180020332336426e-01
6.828716993331909180e-01
3.219235539436340332e-01
6.059536337852478027e-01
3.243558704853057861e-01
2.965431511402130127e-01
6.813864111900329590e-01
5.408239364624023438e-01
3.876843154430389404e-01
2.998012602329254150e-01
3.478602468967437744e-01
4.048610031604766846e-01
6.996954083442687988e-01
7.037442922592163086e-01
3.548276126384735107e-01
6.065384745597839355e-01
6.471071243286132812e-01
6.977169513702392578e-01
4.961737394332885742e-01
6.407912969589233398e-01
7.019233107566833496e-01
3.529286384582519531e-01
3.525750339031219482e-01
4.618127942085266113e-01
3.830013871192932129e-01
7.042174339294433594e-01
6.648889183998107910e-01
2.962836623191833496e-01
6.777518391609191895e-01
6.973514556884765625e-01
3.115809857845306396e-01
6.941673159599304199e-01
4.006167948246002197e-01
6.941393613815307617e-01
6.204302906990051270e-01
5.646433234214782715e-01
3.392347693443298340e-01
6.761989593505859375e-01
4.798372685909271240e-01
4.942958652973175049e-01
5.722320675849914551e-01
3.413547873497009277e-01
6.648755073547363281e-01
6.970447897911071777e-01
6.954437494277954102e-01
3.260733485221862793e-01
6.686559915542602539e-01
6.925709843635559082e-01
3.333966135978698730e-01
5.731253027915954590e-01
6.857606172561645508e-01
6.610503196716308594e-01
3.064578771591186523e-01
7.003098130226135254e-01
6.367955803871154785e-01
5.775873064994812012e-01
3.303664624691009521e-01
3.062705397605895996e-01
3.087939918041229248e-01
3.035600781440734863e-01
2.980242967605590820e-01
3.453937172889709473e-01
3.106067776679992676e-01
7.019116878509521484e-01
5.332589745521545410e-01
3.754600882530212402e-01
5.883162021636962891e-01
6.891114711761474609e-01
6.824631094932556152e-01
6.956103444099426270e-01
3.016519546508789062e-01
4.274752736091613770e-01
3.607207238674163818e-01
6.916046738624572754e-01
6.780438423156738281e-01
3.748345673084259033e-01
4.854737222194671631e-01
6.691570281982421875e-01
6.806252598762512207e-01
3.041244149208068848e-01
5.723572969436645508e-01
2.975173890590667725e-01
2.960994839668273926e-01
6.432194113731384277e-01
5.493237972259521484e-01
3.181596696376800537e-01
2.994395196437835693e-01
6.391351222991943359e-01
7.049484848976135254e-01
6.906999945640563965e-01
6.229274868965148926e-01
3.216186761856079102e-01
7.016487121582031250e-01
7.037410140037536621e-01
4.099141657352447510e-01
3.866646587848663330e-01
6.606613993644714355e-01
3.070416152477264404e-01
6.757794618606567383e-01
4.483478963375091553e-01
7.004086971282958984e-01
3.619337379932403564e-01
6.397383809089660645e-01
3.501827716827392578e-01
3.037889599800109863e-01
2.977429330348968506e-01
