3.009316623210906982e-01
3.060972094535827637e-01
3.266302347183227539e-01
6.631302833557128906e-01
6.602786779403686523e-01
4.572958648204803467e-01
3.049497008323669434e-01
3.019340336322784424e-01
3.089679777622222900e-01
3.008651733398437500e-01
5.431786179542541504e-01
3.127985596656799316e-01
4.438824653625488281e-01
6.810512542724609375e-01
3.326350152492523193e-01
3.435682654380798340e-01
3.028617501258850098e-01
6.404660344123840332e-01
6.216735839843750000e-01
3.770199418067932129e-01
3.269232511520385742e-01
4.612570106983184814e-01
6.922770738601684570e-01
6.666477322578430176e-01
6.998765468597412109e-01
3.178653419017791748e-01
3.091219961643218994e-01
5.780349373817443848e-01
3.114108145236968994e-01
3.761260509490966797e-01
3.235586583614349365e-01
6.685568690299987793e-01
6.204146742820739746e-01
3.057242929935455322e-01
3.028562963008880615e-01
6.213847994804382324e-01
5.078951716423034668e-01
2.995810806751251221e-01
5.145698785781860352e-01
6.822505593299865723e-01
6.960939168930053711e-01
3.204553425312042236e-01
6.836901903152465820e-01
6.812672019004821777e-01
6.780191659927368164e-01
7.004290223121643066e-01
3.523847460746765137e-01
3.411197066307067871e-01
3.409045636653900146e-01
6.419553756713867188e-01
3.071970939636230469e-01
5.018596649169921875e-01
6.133265495300292969e-01
3.170860409736633301e-01
3.268301784992218018e-01
5.725809335708618164e-01
5.308885574340820312e-01
6.702852845191955566e-01
6.612519621849060059e-01
5.639896392822265625e-01
6.923288106918334961e-01
6.223636269569396973e-01
3.598567545413970947e-01
6.627656817436218262e-01
3.137970268726348877e-01
6.950800418853759766e-01
4.203888475894927979e-01
3.074781000614166260e-01
6.122505068778991699e-01
3.147675096988677979e-01
6.971001625061035156e-01
3.027664124965667725e-01
3.291533887386322021e-01
3.467969596385955811e-01
3.038315773010253906e-01
4.596599340438842773e-01
3.075207471847534180e-01
6.686391830444335938e-01
6.182278990745544434e-01
3.131515979766845703e-01
6.585984230041503906e-01
5.215322971343994141e-01
6.974353194236755371e-01
6.661957502365112305e-01
6.544473767280578613e-01
3.192271292209625244e-01
3.072484731674194336e-01
3.868235647678375244e-01
3.064452707767486572e-01
3.813623189926147461e-01
6.993443965911865234e-01
5.941207408905029297e-01
3.208971619606018066e-01
3.520890772342681885e-01
3.009425997734069824e-01
6.891931891441345215e-01
4.050302803516387939e-01
6.979862451553344727e-01
3.011758327484130859e-01
4.242721796035766602e-01
6.911780238151550293e-01
3.151577115058898926e-01
3.282501697540283203e-01
3.401062488555908203e-01
3.073755502700805664e-01
6.526299715042114258e-01
6.630724072456359863e-01
3.397695422172546387e-01
6.300278306007385254e-01
4.041770696640014648e-01
6.808488368988037109e-01
3.056834042072296143e-01
6.511715650558471680e-01
3.062099814414978027e-01
5.526767969131469727e-01
6.677500605583190918e-01
3.182851374149322510e-01
3.204748928546905518e-01
3.606398403644561768e-01
6.977736949920654297e-01
4.357172548770904541e-01
3.153626918792724609e-01
3.162524998188018799e-01
6.931813955307006836e-01
6.420738101005554199e-01
7.000753283500671387e-01
3.001184761524200439e-01
5.954906344413757324e-01
3.109384775161743164e-01
6.308408975601196289e-01
2.988848388195037842e-01
6.824052929878234863e-01
6.572451591491699219e-01
6.947829127311706543e-01
7.001062035560607910e-01
3.014368414878845215e-01
5.835037827491760254e-01
3.467011749744415283e-01
3.591756224632263184e-01
6.687496304512023926e-01
7.005629539489746094e-01
5.740692615509033203e-01
6.828870177268981934e-01
6.829505562782287598e-01
3.110893666744232178e-01
4.881751835346221924e-01
3.230565488338470459e-01
6.167972683906555176e-01
6.609610319137573242e-01
3.150953948497772217e-01
6.163190007209777832e-01
4.830100834369659424e-01
3.531216979026794434e-01
3.074210882186889648e-01
3.219211697578430176e-01
2.986780703067779541e-01
4.191299974918365479e-01
2.998656630516052246e-01
4.015169739723205566e-01
5.919407010078430176e-01
3.054061233997344971e-01
5.066577792167663574e-01
6.345813274383544922e-01
3.955734372138977051e-01
6.717834472656250000e-01
4.344893693923950195e-01
3.389561772346496582e-01
5.343722105026245117e-01
6.242376565933227539e-01
6.803513765335083008e-01
3.390156030654907227e-01
5.912536978721618652e-01
6.901566386222839355e-01
3.470902144908905029e-01
3.015178740024566650e-01
4.694301187992095947e-01
6.474674940109252930e-01
3.721321821212768555e-01
6.489567756652832031e-01
3.040376007556915283e-01
3.130192160606384277e-01
6.936318874359130859e-01
6.037555932998657227e-01
3.151320517063140869e-01
3.388730585575103760e-01
4.017831087112426758e-01
3.452275693416595459e-01
3.132648468017578125e-01
6.920289993286132812e-01
7.018951177597045898e-01
3.002446293830871582e-01
3.066030442714691162e-01
6.936616897583007812e-01
6.949213147163391113e-01
3.151603341102600098e-01
3.001309037208557129e-01
6.965044736862182617e-01
3.467432260513305664e-01
3.949919939041137695e-01
6.834326386451721191e-01
3.256441354751586914e-01
6.943801045417785645e-01
6.910052895545959473e-01
6.731748580932617188e-01
6.747443675994873047e-01
3.787881135940551758e-01
4.681977331638336182e-01
6.959040760993957520e-01
6.858697533607482910e-01
3.243734836578369141e-01
3.043856620788574219e-01
6.575381755828857422e-01
3.041441738605499268e-01
3.041164577007293701e-01
7.010968327522277832e-01
6.852083802223205566e-01
3.128730952739715576e-01
3.068451881408691406e-01
5.980862975120544434e-01
6.842194795608520508e-01
3.014799654483795166e-01
3.151752650737762451e-01
4.034728109836578369e-01
3.170987367630004883e-01
6.779811978340148926e-01
3.089875876903533936e-01
6.041762828826904297e-01
3.235168457031250000e-01
6.982632279396057129e-01
3.314870595932006836e-01
3.073646426200866699e-01
6.330189108848571777e-01
4.078605473041534424e-01
3.548171222209930420e-01
3.183897435665130615e-01
5.356923937797546387e-01
4.048891365528106689e-01
4.965038895606994629e-01
6.163783669471740723e-01
6.809485554695129395e-01
6.390569806098937988e-01
3.009063899517059326e-01
6.931330561637878418e-01
3.551331460475921631e-01
5.977398157119750977e-01
6.735450029373168945e-01
4.984364807605743408e-01
3.370870053768157959e-01
3.552463948726654053e-01
3.009830713272094727e-01
3.677012920379638672e-01
6.744192242622375488e-01
7.011017203330993652e-01
6.705759167671203613e-01
3.655511438846588135e-01
5.373235940933227539e-01
2.991895079612731934e-01
5.917686223983764648e-01
3.565308749675750732e-01
3.431266844272613525e-01
3.623780906200408936e-01
7.016940116882324219e-01
5.573642849922180176e-01
3.492354154586791992e-01
4.294085800647735596e-01
6.057013273239135742e-01
3.049990832805633545e-01
6.722031831741333008e-01
3.880779445171356201e-01
2.985864579677581787e-01
2.986213564872741699e-01
3.373945951461791992e-01
3.550599515438079834e-01
6.092543601989746094e-01
3.181837499141693115e-01
7.018407583236694336e-01
3.422332108020782471e-01
6.980707049369812012e-01
3.264645934104919434e-01
6.459730863571166992e-01
4.064433872699737549e-01
3.024805784225463867e-01
5.179082155227661133e-01
6.559318900108337402e-01
3.271527290344238281e-01
5.461261272430419922e-01
3.006219863891601562e-01
3.233240842819213867e-01
3.365682959556579590e-01
3.263456225395202637e-01
6.888796687126159668e-01
3.567176759243011475e-01
3.013445734977722168e-01
6.158039569854736328e-01
4.479813873767852783e-01
3.663710057735443115e-01
4.204246997833251953e-01
6.933342218399047852e-01
3.048707246780395508e-01
3.595265150070190430e-01
3.589829802513122559e-01
3.188680410385131836e-01
3.158370852470397949e-01
7.006116509437561035e-01
3.156770169734954834e-01
3.203608989715576172e-01
3.029251992702484131e-01
3.777676820755004883e-01
3.329508006572723389e-01
3.153310418128967285e-01
6.537107825279235840e-01
6.689831018447875977e-01
6.943346261978149414e-01
3.010249137878417969e-01
6.315716505050659180e-01
6.969597935676574707e-01
6.920453906059265137e-01
6.810502409934997559e-01
3.530921041965484619e-01
3.042118847370147705e-01
3.849660158157348633e-01
6.915766000747680664e-01
3.359440863132476807e-01
4.648998379707336426e-01
3.471649289131164551e-01
6.643792390823364258e-01
3.390412330627441406e-01
5.254274606704711914e-01
4.050651788711547852e-01
6.987758874893188477e-01
4.401814341545104980e-01
6.810044646263122559e-01
3.046140670776367188e-01
6.896335482597351074e-01
6.891903877258300781e-01
3.421640098094940186e-01
6.437432765960693359e-01
3.231877982616424561e-01
3.039044737815856934e-01
6.860156059265136719e-01
4.581557512283325195e-01
7.015655636787414551e-01
3.051385283470153809e-01
6.989941596984863281e-01
5.326183438301086426e-01
3.562497198581695557e-01
6.567540764808654785e-01
6.854284405708312988e-01
4.111945033073425293e-01
6.982682347297668457e-01
5.738749504089355469e-01
6.074713468551635742e-01
4.151233434677124023e-01
6.191766858100891113e-01
6.194897294044494629e-01
3.491915762424468994e-01
6.397644877433776855e-01
3.776308298110961914e-01
3.290440142154693604e-01
6.112993359565734863e-01
6.583875417709350586e-01
3.640732765197753906e-01
3.755738735198974609e-01
3.218379318714141846e-01
4.405245780944824219e-01
4.686041176319122314e-01
3.012888133525848389e-01
6.846773624420166016e-01
2.986257374286651611e-01
7.009254693984985352e-01
6.663969755172729492e-01
6.976272463798522949e-01
3.866041898727416992e-01
3.594236671924591064e-01
5.652996897697448730e-01
6.970130801200866699e-01
2.999771237373352051e-01
3.364374041557312012e-01
6.466633081436157227e-01
6.690827608108520508e-01
6.941062211990356445e-01
5.363215208053588867e-01
6.979211568832397461e-01
3.082888126373291016e-01
6.996022462844848633e-01
3.133243918418884277e-01
3.185156285762786865e-01
7.012655138969421387e-01
2.982773482799530029e-01
3.025565445423126221e-01
6.799831390380859375e-01
6.161646246910095215e-01
2.994748651981353760e-01
3.661234080791473389e-01
7.004017829895019531e-01
3.022756576538085938e-01
3.026075363159179688e-01
3.375856578350067139e-01
4.151957035064697266e-01
5.019865632057189941e-01
3.031871914863586426e-01
4.662589430809020996e-01
3.132198154926300049e-01
6.930444836616516113e-01
6.252820491790771484e-01
6.284466981887817383e-01
3.024704456329345703e-01
3.583688139915466309e-01
3.030590116977691650e-01
3.642055988311767578e-01
6.980451345443725586e-01
3.071292042732238770e-01
6.730095148086547852e-01
3.009954094886779785e-01
7.001450061798095703e-01
4.248146712779998779e-01
3.700864315032958984e-01
6.756194829940795898e-01
4.483305513858795166e-01
6.546550989151000977e-01
6.879343986511230469e-01
4.974920153617858887e-01
6.987146735191345215e-01
7.002525329589843750e-01
3.123083412647247314e-01
6.173690557479858398e-01
5.929912328720092773e-01
3.172441422939300537e-01
3.375486433506011963e-01
6.742407679557800293e-01
3.028632998466491699e-01
6.369034051895141602e-01
4.350535273551940918e-01
3.115151822566986084e-01
3.182623386383056641e-01
3.126965165138244629e-01
3.025258779525756836e-01
6.082284450531005859e-01
2.982821464538574219e-01
5.296609997749328613e-01
6.692100763320922852e-01
6.859236359596252441e-01
3.004234731197357178e-01
6.911021471023559570e-01
2.988798618316650391e-01
6.281403303146362305e-01
5.345948338508605957e-01
3.488167822360992432e-01
3.597512543201446533e-01
6.977360248565673828e-01
5.853776335716247559e-01
7.004660964012145996e-01
6.243990659713745117e-01
2.988777756690979004e-01
3.475818037986755371e-01
3.424308001995086670e-01
4.219431579113006592e-01
6.667388081550598145e-01
5.991404652595520020e-01
3.217837512493133545e-01
4.792194962501525879e-01
6.987829208374023438e-01
3.018012940883636475e-01
2.992196083068847656e-01
3.553144037723541260e-01
3.066456317901611328e-01
6.949853897094726562e-01
6.810922622680664062e-01
3.008029162883758545e-01
3.658350408077239990e-01
3.282848000526428223e-01
3.243250846862792969e-01
3.490927517414093018e-01
6.824463605880737305e-01
4.948847293853759766e-01
3.132750391960144043e-01
5.832630395889282227e-01
5.829440355300903320e-01
3.438807725906372070e-01
3.893910646438598633e-01
6.574423313140869141e-01
3.109430670738220215e-01
6.167899370193481445e-01
6.872240900993347168e-01
7.022085785865783691e-01
4.254351556301116943e-01
5.531234145164489746e-01
6.976556777954101562e-01
6.661253571510314941e-01
2.999650537967681885e-01
5.559732913970947266e-01
5.671287178993225098e-01
3.002580404281616211e-01
3.012303411960601807e-01
3.189299106597900391e-01
5.743254423141479492e-01
4.938651621341705322e-01
5.342041254043579102e-01
3.004373610019683838e-01
3.444017767906188965e-01
6.833361387252807617e-01
3.450049757957458496e-01
6.830862760543823242e-01
3.206331431865692139e-01
6.858548521995544434e-01
3.066118061542510986e-01
2.998994588851928711e-01
2.983760237693786621e-01
3.390445113182067871e-01
6.501194238662719727e-01
3.157010078430175781e-01
3.048895001411437988e-01
3.437525033950805664e-01
3.152236640453338623e-01
3.025883436203002930e-01
3.621265292167663574e-01
3.498912751674652100e-01
6.470722556114196777e-01
3.036966025829315186e-01
5.977586507797241211e-01
5.922161340713500977e-01
3.316840827465057373e-01
3.238297104835510254e-01
6.621910333633422852e-01
6.562401056289672852e-01
5.179866552352905273e-01
7.011296153068542480e-01
3.040364086627960205e-01
3.022419214248657227e-01
6.919922232627868652e-01
3.548829555511474609e-01
5.505851507186889648e-01
3.226253688335418701e-01
3.059378564357757568e-01
3.260633647441864014e-01
3.310776650905609131e-01
3.013552129268646240e-01
6.545535922050476074e-01
5.966371893882751465e-01
6.505859494209289551e-01
4.266294240951538086e-01
3.348323404788970947e-01
6.970033049583435059e-01
3.311128914356231689e-01
5.988075733184814453e-01
3.391079902648925781e-01
5.945949554443359375e-01
2.994646430015563965e-01
3.009615540504455566e-01
4.322751164436340332e-01
3.570265173912048340e-01
6.900158524513244629e-01
4.207021892070770264e-01
3.531044721603393555e-01
3.020249307155609131e-01
3.147917985916137695e-01
6.856487989425659180e-01
6.986216902732849121e-01
6.613576412200927734e-01
5.071789026260375977e-01
6.507520675659179688e-01
6.605287194252014160e-01
3.032798767089843750e-01
6.641770601272583008e-01
6.580572724342346191e-01
6.941515803337097168e-01
3.030786216259002686e-01
6.845332980155944824e-01
5.913456082344055176e-01
3.053370714187622070e-01
6.881800889968872070e-01
5.847026705741882324e-01
7.004483938217163086e-01
6.684426665306091309e-01
3.228656649589538574e-01
3.004775345325469971e-01
6.992214322090148926e-01
5.122165679931640625e-01
4.130834043025970459e-01
3.076342046260833740e-01
6.277357935905456543e-01
4.329401254653930664e-01
6.804162263870239258e-01
3.018774390220642090e-01
3.273827731609344482e-01
6.947760581970214844e-01
5.843027830123901367e-01
3.165155351161956787e-01
7.016129493713378906e-01
3.050096035003662109e-01
2.978053689002990723e-01
3.166579902172088623e-01
2.999766170978546143e-01
4.451532363891601562e-01
3.181158602237701416e-01
3.193296194076538086e-01
3.064185976982116699e-01
6.590974926948547363e-01
3.233738839626312256e-01
5.337344408035278320e-01
6.712178587913513184e-01
4.265942275524139404e-01
7.009044289588928223e-01
3.099814355373382568e-01
6.864039301872253418e-01
6.769897341728210449e-01
6.875385642051696777e-01
3.100773394107818604e-01
6.882140040397644043e-01
3.254383504390716553e-01
4.566186964511871338e-01
6.913052201271057129e-01
3.164406716823577881e-01
3.241836130619049072e-01
6.989917755126953125e-01
6.941732764244079590e-01
5.366339087486267090e-01
3.247797489166259766e-01
5.198206901550292969e-01
5.277200341224670410e-01
3.016847074031829834e-01
3.733858168125152588e-01
6.910295486450195312e-01
6.378504037857055664e-01
3.342598080635070801e-01
6.931028962135314941e-01
5.896682143211364746e-01
6.810795664787292480e-01
5.899438858032226562e-01
6.450395584106445312e-01
5.935223102569580078e-01
6.394890546798706055e-01
3.579333722591400146e-01
3.699000477790832520e-01
5.845261812210083008e-01
6.090213060379028320e-01
6.737799644470214844e-01
3.687447905540466309e-01
3.589174151420593262e-01
5.093592405319213867e-01
6.891844272613525391e-01
5.947333574295043945e-01
3.900110125541687012e-01
3.320956528186798096e-01
3.172014951705932617e-01
7.003605961799621582e-01
3.111495673656463623e-01
6.576839685440063477e-01
3.140752017498016357e-01
3.970219194889068604e-01
6.938409209251403809e-01
5.937922596931457520e-01
6.982550024986267090e-01
6.547576189041137695e-01
6.949102282524108887e-01
3.306112289428710938e-01
3.544040620326995850e-01
5.039449334144592285e-01
3.018797338008880615e-01
4.224617779254913330e-01
5.944525003433227539e-01
4.621693193912506104e-01
3.344559073448181152e-01
6.603971719741821289e-01
3.100067675113677979e-01
3.061233460903167725e-01
6.917920708656311035e-01
6.771163940429687500e-01
6.960816979408264160e-01
4.073161780834197998e-01
3.045074939727783203e-01
5.729604363441467285e-01
4.473899304866790771e-01
6.660940051078796387e-01
6.954421401023864746e-01
6.989553570747375488e-01
3.214111030101776123e-01
3.076356947422027588e-01
3.195669353008270264e-01
3.414632380008697510e-01
4.625385701656341553e-01
4.727187454700469971e-01
5.047092437744140625e-01
3.041155338287353516e-01
3.628402054309844971e-01
6.828936338424682617e-01
6.949616074562072754e-01
2.978694736957550049e-01
6.981105208396911621e-01
3.316826522350311279e-01
3.135231733322143555e-01
6.595686674118041992e-01
3.147079050540924072e-01
6.592957377433776855e-01
6.458889245986938477e-01
6.968640089035034180e-01
6.808938980102539062e-01
7.012171745300292969e-01
6.988610625267028809e-01
3.134569227695465088e-01
5.414041280746459961e-01
5.731855630874633789e-01
3.027386963367462158e-01
4.050886332988739014e-01
6.985887885093688965e-01
6.901718974113464355e-01
6.435787081718444824e-01
6.482812762260437012e-01
4.843050539493560791e-01
6.149961948394775391e-01
2.995923757553100586e-01
3.013152182102203369e-01
3.081694245338439941e-01
4.496363401412963867e-01
5.578091740608215332e-01
6.956409811973571777e-01
3.302439451217651367e-01
3.378935158252716064e-01
6.638691425323486328e-01
3.199564814567565918e-01
3.735029101371765137e-01
3.108449280261993408e-01
2.977679371833801270e-01
3.534569144248962402e-01
6.525623202323913574e-01
6.340148448944091797e-01
4.630620479583740234e-01
3.127642571926116943e-01
2.988311350345611572e-01
3.404133319854736328e-01
5.581485629081726074e-01
3.120045065879821777e-01
4.170756042003631592e-01
3.653032779693603516e-01
3.094986677169799805e-01
3.079777061939239502e-01
3.875897824764251709e-01
3.217597603797912598e-01
6.981649398803710938e-01
3.044961094856262207e-01
6.604831814765930176e-01
3.330183923244476318e-01
3.037042021751403809e-01
6.843230128288269043e-01
6.533989906311035156e-01
3.467389345169067383e-01
3.035869002342224121e-01
3.030911684036254883e-01
6.647919416427612305e-01
3.126122355461120605e-01
4.215635955333709717e-01
7.016187310218811035e-01
6.772826313972473145e-01
3.007787466049194336e-01
6.940280795097351074e-01
3.489497303962707520e-01
3.254719972610473633e-01
6.946642398834228516e-01
6.751179099082946777e-01
3.690789043903350830e-01
6.977491378784179688e-01
3.140262961387634277e-01
3.202822208404541016e-01
6.677640080451965332e-01
3.027373552322387695e-01
2.995545566082000732e-01
7.018045186996459961e-01
3.521927893161773682e-01
7.020213007926940918e-01
6.724490523338317871e-01
6.992045640945434570e-01
5.465160608291625977e-01
6.920877695083618164e-01
5.883736610412597656e-01
4.161465167999267578e-01
6.702493429183959961e-01
3.499757051467895508e-01
3.443905711174011230e-01
3.116960227489471436e-01
7.008650898933410645e-01
4.122357368469238281e-01
5.366336107254028320e-01
3.446937799453735352e-01
2.985487878322601318e-01
3.790063560009002686e-01
3.918849229812622070e-01
3.243147730827331543e-01
3.027182817459106445e-01
6.942257881164550781e-01
6.800420880317687988e-01
4.180388450622558594e-01
3.565707206726074219e-01
6.841614246368408203e-01
4.230830073356628418e-01
3.779129385948181152e-01
7.010921835899353027e-01
6.765530109405517578e-01
3.398166596889495850e-01
3.045305013656616211e-01
2.977046668529510498e-01
3.933497369289398193e-01
7.014407515525817871e-01
3.005535304546356201e-01
3.525588810443878174e-01
7.002945542335510254e-01
6.545248627662658691e-01
7.013337612152099609e-01
3.136473894119262695e-01
4.677924811840057373e-01
3.051586449146270752e-01
4.422990381717681885e-01
6.985861063003540039e-01
5.826769471168518066e-01
5.316005349159240723e-01
3.370952904224395752e-01
6.611435413360595703e-01
6.982399821281433105e-01
2.981934547424316406e-01
6.317484974861145020e-01
4.544277787208557129e-01
5.543177723884582520e-01
6.666530966758728027e-01
4.944769740104675293e-01
6.833620667457580566e-01
3.085307478904724121e-01
6.952373981475830078e-01
6.655171513557434082e-01
6.385087370872497559e-01
6.135134696960449219e-01
2.997702658176422119e-01
4.278882145881652832e-01
3.005604445934295654e-01
3.340845108032226562e-01
6.338803172111511230e-01
6.814279556274414062e-01
3.069075942039489746e-01
2.991419732570648193e-01
6.922552585601806641e-01
3.656822144985198975e-01
3.348918557167053223e-01
3.351140916347503662e-01
6.298547983169555664e-01
2.978653609752655029e-01
3.081710040569305420e-01
2.996397912502288818e-01
6.958806514739990234e-01
3.387388288974761963e-01
6.950024366378784180e-01
5.608445405960083008e-01
6.673702597618103027e-01
6.904962062835693359e-01
3.222808539867401123e-01
2.997907996177673340e-01
2.991662621498107910e-01
6.970462203025817871e-01
5.326383709907531738e-01
5.484153032302856445e-01
6.977449655532836914e-01
3.008690774440765381e-01
3.473909199237823486e-01
4.634213745594024658e-01
6.691409945487976074e-01
6.300385594367980957e-01
6.749328374862670898e-01
5.267716050148010254e-01
3.530965447425842285e-01
3.100818097591400146e-01
3.045658469200134277e-01
6.927524209022521973e-01
6.949841380119323730e-01
3.522977828979492188e-01
3.264927566051483154e-01
3.378607034683227539e-01
6.922603249549865723e-01
3.122524917125701904e-01
3.760847449302673340e-01
6.968096494674682617e-01
3.048579394817352295e-01
6.930246949195861816e-01
6.617243289947509766e-01
3.174017965793609619e-01
4.629292786121368408e-01
3.822750747203826904e-01
3.429934382438659668e-01
6.450082063674926758e-01
3.119864761829376221e-01
3.089286088943481445e-01
7.020127773284912109e-01
3.313674926757812500e-01
3.138546645641326904e-01
6.474587917327880859e-01
5.549470782279968262e-01
3.664960861206054688e-01
3.568596243858337402e-01
3.589024245738983154e-01
3.104535341262817383e-01
3.958667814731597900e-01
3.129608035087585449e-01
3.584083020687103271e-01
6.798611283302307129e-01
3.008460700511932373e-01
6.970400810241699219e-01
3.014491796493530273e-01
5.724136829376220703e-01
6.978240013122558594e-01
6.150667667388916016e-01
3.144250512123107910e-01
6.395490765571594238e-01
6.183809041976928711e-01
6.695536971092224121e-01
6.969416141510009766e-01
3.897497057914733887e-01
3.053809702396392822e-01
6.304555535316467285e-01
3.289275467395782471e-01
6.523174643516540527e-01
3.134842813014984131e-01
6.541930437088012695e-01
3.085871040821075439e-01
3.043206036090850830e-01
6.968905925750732422e-01
3.624834120273590088e-01
3.320263326168060303e-01
4.464702308177947998e-01
4.083266854286193848e-01
5.315474271774291992e-01
7.013371586799621582e-01
3.117958903312683105e-01
3.078309893608093262e-01
3.154936134815216064e-01
3.148089647293090820e-01
6.523534059524536133e-01
3.022175431251525879e-01
4.417635202407836914e-01
3.004609048366546631e-01
3.496872186660766602e-01
3.017948269844055176e-01
6.658365130424499512e-01
4.500459432601928711e-01
3.101370632648468018e-01
4.707657992839813232e-01
3.863738775253295898e-01
6.553598642349243164e-01
6.203359961509704590e-01
5.176976919174194336e-01
6.870229840278625488e-01
6.999070048332214355e-01
3.170969188213348389e-01
6.990196108818054199e-01
5.486114621162414551e-01
6.339450478553771973e-01
6.984907388687133789e-01
3.044591248035430908e-01
7.010796666145324707e-01
6.765744090080261230e-01
6.968832612037658691e-01
6.187165379524230957e-01
6.735942959785461426e-01
5.953844785690307617e-01
4.786296188831329346e-01
3.229281604290008545e-01
5.923261046409606934e-01
3.363939225673675537e-01
6.777880787849426270e-01
6.788111329078674316e-01
3.899917304515838623e-01
6.911304593086242676e-01
3.201924860477447510e-01
3.040727674961090088e-01
6.276149749755859375e-01
6.639779210090637207e-01
5.495223999023437500e-01
6.999753713607788086e-01
4.650585949420928955e-01
3.482354879379272461e-01
4.694638848304748535e-01
6.824400424957275391e-01
3.123460412025451660e-01
5.625100135803222656e-01
6.419048905372619629e-01
6.669416427612304688e-01
6.916586756706237793e-01
6.963595151901245117e-01
3.151429295539855957e-01
6.834318637847900391e-01
6.965839862823486328e-01
3.300622403621673584e-01
5.219724178314208984e-01
3.075903058052062988e-01
3.021409511566162109e-01
6.999671459197998047e-01
3.115093708038330078e-01
3.054771423339843750e-01
6.979417204856872559e-01
3.038733601570129395e-01
6.505182981491088867e-01
6.238998770713806152e-01
5.853097438812255859e-01
6.159476041793823242e-01
4.992838501930236816e-01
4.130418002605438232e-01
2.987085878849029541e-01
6.312684416770935059e-01
4.311096668243408203e-01
3.680431842803955078e-01
3.172454535961151123e-01
2.977550029754638672e-01
3.183336555957794189e-01
3.169333040714263916e-01
3.356760144233703613e-01
3.641981780529022217e-01
6.928595900535583496e-01
3.039327263832092285e-01
5.993588566780090332e-01
6.100590229034423828e-01
3.175285458564758301e-01
4.403174221515655518e-01
2.982639670372009277e-01
3.087972998619079590e-01
6.999482512474060059e-01
6.974424719810485840e-01
3.167031109333038330e-01
6.960371732711791992e-01
3.045560717582702637e-01
3.020934462547302246e-01
5.569877028465270996e-01
4.859491586685180664e-01
2.995348572731018066e-01
6.490093469619750977e-01
3.031288683414459229e-01
4.363680183887481689e-01
6.935761570930480957e-01
6.411741375923156738e-01
3.171545863151550293e-01
6.897000670433044434e-01
6.919504404067993164e-01
5.361863970756530762e-01
6.999728679656982422e-01
3.723962604999542236e-01
6.739230155944824219e-01
3.196177780628204346e-01
6.474454402923583984e-01
6.917393207550048828e-01
3.024338185787200928e-01
6.822383403778076172e-01
3.502252697944641113e-01
4.472970962524414062e-01
3.150238692760467529e-01
5.987226366996765137e-01
3.000952899456024170e-01
3.445911705493927002e-01
6.923055648803710938e-01
6.793202757835388184e-01
6.192522644996643066e-01
6.586301326751708984e-01
6.650469899177551270e-01
3.173525035381317139e-01
3.579224348068237305e-01
6.862015128135681152e-01
6.504102945327758789e-01
6.765878200531005859e-01
6.432403922080993652e-01
6.611353158950805664e-01
6.480472683906555176e-01
6.310139298439025879e-01
3.864139616489410400e-01
3.030029237270355225e-01
3.089407682418823242e-01
3.347790539264678955e-01
3.556430935859680176e-01
3.669582307338714600e-01
6.800557971000671387e-01
4.393741786479949951e-01
4.747339487075805664e-01
3.192515075206756592e-01
5.772290229797363281e-01
3.172964453697204590e-01
4.403602480888366699e-01
3.083336055278778076e-01
6.226837635040283203e-01
6.774370074272155762e-01
6.946890950202941895e-01
3.092204630374908447e-01
4.016805291175842285e-01
5.936353802680969238e-01
3.086281120777130127e-01
6.840931177139282227e-01
3.094867169857025146e-01
3.213295042514801025e-01
3.095758855342864990e-01
3.108234703540802002e-01
6.491026878356933594e-01
2.982458174228668213e-01
6.988230943679809570e-01
3.130834102630615234e-01
6.870884299278259277e-01
3.075078129768371582e-01
4.517991542816162109e-01
4.669443070888519287e-01
3.410299718379974365e-01
7.019147872924804688e-01
6.967128515243530273e-01
3.336579501628875732e-01
2.991680800914764404e-01
6.842384338378906250e-01
6.958849430084228516e-01
6.753865480422973633e-01
3.108348846435546875e-01
3.125294148921966553e-01
5.803204178810119629e-01
6.447585821151733398e-01
6.482447385787963867e-01
6.581908464431762695e-01
3.278388082981109619e-01
3.107137382030487061e-01
6.565769314765930176e-01
3.002467155456542969e-01
6.747125387191772461e-01
2.984013557434082031e-01
6.178497672080993652e-01
3.135368525981903076e-01
5.444767475128173828e-01
6.917570233345031738e-01
6.785548925399780273e-01
6.754409074783325195e-01
3.808719813823699951e-01
6.947324872016906738e-01
5.922553539276123047e-01
4.163109064102172852e-01
3.209845125675201416e-01
3.036541640758514404e-01
6.997796893119812012e-01
3.073518276214599609e-01
3.649456501007080078e-01
6.803851127624511719e-01
6.048474907875061035e-01
3.527661263942718506e-01
3.057782649993896484e-01
3.886825144290924072e-01
3.013426363468170166e-01
3.084564208984375000e-01
6.921516060829162598e-01
6.947060823440551758e-01
5.721338391304016113e-01
5.964725613594055176e-01
6.969063878059387207e-01
6.372042298316955566e-01
7.011815905570983887e-01
6.754406094551086426e-01
3.600856661796569824e-01
6.173578500747680664e-01
6.772518754005432129e-01
3.152420222759246826e-01
2.997583448886871338e-01
4.840313494205474854e-01
3.522577881813049316e-01
5.001182556152343750e-01
5.340852737426757812e-01
3.222293555736541748e-01
5.135033130645751953e-01
3.991408050060272217e-01
4.952243864536285400e-01
3.823804855346679688e-01
3.111572861671447754e-01
4.607197344303131104e-01
6.943396329879760742e-01
4.713793098926544189e-01
3.015478551387786865e-01
5.250019431114196777e-01
3.327645957469940186e-01
3.595554828643798828e-01
3.512228429317474365e-01
6.207732558250427246e-01
3.110885620117187500e-01
6.581733822822570801e-01
6.383262872695922852e-01
3.131410479545593262e-01
2.976139485836029053e-01
3.052579462528228760e-01
3.973624706268310547e-01
3.312774896621704102e-01
5.119062662124633789e-01
2.984877526760101318e-01
5.176193714141845703e-01
6.961577534675598145e-01
6.326039433479309082e-01
3.285111486911773682e-01
6.881363987922668457e-01
5.675891637802124023e-01
4.239056110382080078e-01
3.057186007499694824e-01
6.423238515853881836e-01
3.192695081233978271e-01
3.064190149307250977e-01
6.651380658149719238e-01
4.620857536792755127e-01
6.404690146446228027e-01
4.141627550125122070e-01
3.653721809387207031e-01
6.305326819419860840e-01
6.144753694534301758e-01
6.998314261436462402e-01
3.788686394691467285e-01
6.942290067672729492e-01
6.857695579528808594e-01
3.412533104419708252e-01
6.725896596908569336e-01
3.058855235576629639e-01
3.011232912540435791e-01
6.945428252220153809e-01
6.411849260330200195e-01
4.803066253662109375e-01
3.955509364604949951e-01
6.126151680946350098e-01
6.969920992851257324e-01
6.836695671081542969e-01
2.985983788967132568e-01
6.894399523735046387e-01
6.868679523468017578e-01
6.617694497108459473e-01
4.204113781452178955e-01
3.103346824645996094e-01
3.061009943485260010e-01
3.150732517242431641e-01
3.099012672901153564e-01
3.516191542148590088e-01
6.855822801589965820e-01
6.586400270462036133e-01
4.263437390327453613e-01
5.228547453880310059e-01
3.974227905273437500e-01
3.400123119354248047e-01
6.347815990447998047e-01
3.430651724338531494e-01
3.010471463203430176e-01
3.033823668956756592e-01
6.562577486038208008e-01
6.603616476058959961e-01
6.345484256744384766e-01
3.290591835975646973e-01
3.279011547565460205e-01
5.863546729087829590e-01
3.273868858814239502e-01
4.468122124671936035e-01
3.068393170833587646e-01
6.939057111740112305e-01
3.239935338497161865e-01
3.443808257579803467e-01
3.149846196174621582e-01
3.853962123394012451e-01
6.845832467079162598e-01
6.210989356040954590e-01
5.776342153549194336e-01
3.290706276893615723e-01
3.485197424888610840e-01
3.029329478740692139e-01
3.842296004295349121e-01
5.349687933921813965e-01
6.874744892120361328e-01
3.343994021415710449e-01
5.313060283660888672e-01
6.845736503601074219e-01
3.647233843803405762e-01
6.281178593635559082e-01
3.035616576671600342e-01
4.165396690368652344e-01
5.966539978981018066e-01
5.458678007125854492e-01
3.837684690952301025e-01
3.073640465736389160e-01
5.471093058586120605e-01
3.133514523506164551e-01
6.177127957344055176e-01
3.267553448677062988e-01
3.374922573566436768e-01
4.848187863826751709e-01
2.994714379310607910e-01
6.579585671424865723e-01
3.272477090358734131e-01
3.173192143440246582e-01
4.027676284313201904e-01
3.109136223793029785e-01
6.875410079956054688e-01
2.999203801155090332e-01
6.961577534675598145e-01
3.772329688072204590e-01
6.473173499107360840e-01
6.977433562278747559e-01
6.865395307540893555e-01
6.845641136169433594e-01
3.665706515312194824e-01
4.146470427513122559e-01
6.553188562393188477e-01
7.017934322357177734e-01
5.357068777084350586e-01
3.246644139289855957e-01
5.818213820457458496e-01
6.977213025093078613e-01
3.045904636383056641e-01
2.990929186344146729e-01
7.000792026519775391e-01
3.241380453109741211e-01
5.473896861076354980e-01
4.290929734706878662e-01
3.120096623897552490e-01
4.803909659385681152e-01
3.159506618976593018e-01
3.239462673664093018e-01
6.445372700691223145e-01
3.730759322643280029e-01
6.863628029823303223e-01
6.838303208351135254e-01
6.061959862709045410e-01
6.788316369056701660e-01
7.004734277725219727e-01
6.825643777847290039e-01
4.138023555278778076e-01
3.062194287776947021e-01
6.691884994506835938e-01
3.067450523376464844e-01
6.803037524223327637e-01
4.944796562194824219e-01
6.623913049697875977e-01
3.275931477546691895e-01
6.985054612159729004e-01
6.947519183158874512e-01
6.408618092536926270e-01
5.702303647994995117e-01
6.518263816833496094e-01
5.306898355484008789e-01
6.685375571250915527e-01
3.004269897937774658e-01
4.447212517261505127e-01
4.992937445640563965e-01
3.881980776786804199e-01
3.018190264701843262e-01
6.930212378501892090e-01
6.975064277648925781e-01
3.148148357868194580e-01
5.229608416557312012e-01
4.574827253818511963e-01
4.109979867935180664e-01
3.374112844467163086e-01
5.772182941436767578e-01
6.004412174224853516e-01
3.084784150123596191e-01
6.943569183349609375e-01
3.052244782447814941e-01
3.780758380889892578e-01
6.856240034103393555e-01
3.766215741634368896e-01
7.014422416687011719e-01
3.294707238674163818e-01
6.502271890640258789e-01
6.912341713905334473e-01
3.149064779281616211e-01
6.829401254653930664e-01
6.966450214385986328e-01
4.510735571384429932e-01
6.913720369338989258e-01
3.202929794788360596e-01
2.985635995864868164e-01
3.006361424922943115e-01
3.127142488956451416e-01
4.574972987174987793e-01
4.427631199359893799e-01
6.782954335212707520e-01
3.498051166534423828e-01
6.752813458442687988e-01
6.970847249031066895e-01
5.822064280509948730e-01
3.024060726165771484e-01
7.015218734741210938e-01
6.956980228424072266e-01
3.057172596454620361e-01
3.049726784229278564e-01
3.009520471096038818e-01
6.644765138626098633e-01
3.006368577480316162e-01
3.508026897907257080e-01
3.760531246662139893e-01
3.437603116035461426e-01
6.427074670791625977e-01
3.346204459667205811e-01
3.417562544345855713e-01
3.092379868030548096e-01
4.871065020561218262e-01
3.127205073833465576e-01
3.544637858867645264e-01
4.245395660400390625e-01
6.841890215873718262e-01
3.042426407337188721e-01
3.242188394069671631e-01
6.998981237411499023e-01
3.848580718040466309e-01
3.133924305438995361e-01
2.977393865585327148e-01
6.995307207107543945e-01
5.996380448341369629e-01
5.798484086990356445e-01
6.612780094146728516e-01
6.554953455924987793e-01
6.912123560905456543e-01
3.389668464660644531e-01
3.070660233497619629e-01
5.810381174087524414e-01
7.002106308937072754e-01
3.212540447711944580e-01
3.059767484664916992e-01
6.568840742111206055e-01
3.067609071731567383e-01
6.472939848899841309e-01
4.744251966476440430e-01
4.901048839092254639e-01
7.023077011108398438e-01
5.921322107315063477e-01
6.231195330619812012e-01
4.395229220390319824e-01
3.000103831291198730e-01
3.618343472480773926e-01
3.111651539802551270e-01
2.985102534294128418e-01
3.956908583641052246e-01
6.863327026367187500e-01
3.018366992473602295e-01
3.755443394184112549e-01
3.881549835205078125e-01
3.706302046775817871e-01
5.708217620849609375e-01
6.418356299400329590e-01
4.893614053726196289e-01
7.015733718872070312e-01
6.371949911117553711e-01
6.114763617515563965e-01
4.574517905712127686e-01
6.874217987060546875e-01
2.984949350357055664e-01
3.075170516967773438e-01
3.126966357231140137e-01
6.620814800262451172e-01
3.037097752094268799e-01
4.010346233844757080e-01
6.903449296951293945e-01
3.258305191993713379e-01
3.664166331291198730e-01
4.971558451652526855e-01
6.228981614112854004e-01
3.643844425678253174e-01
4.784252047538757324e-01
6.239472627639770508e-01
4.998716413974761963e-01
3.001601994037628174e-01
3.235746324062347412e-01
5.487349033355712891e-01
4.566900134086608887e-01
6.134679317474365234e-01
3.895528018474578857e-01
5.347366929054260254e-01
3.042160868644714355e-01
6.372958421707153320e-01
5.233891606330871582e-01
6.302619576454162598e-01
5.498273372650146484e-01
6.975698471069335938e-01
6.938572525978088379e-01
5.984883904457092285e-01
6.654828786849975586e-01
3.207419514656066895e-01
7.000544667243957520e-01
4.612786173820495605e-01
3.192302584648132324e-01
3.246620297431945801e-01
6.889261603355407715e-01
3.312182128429412842e-01
5.882324576377868652e-01
3.241362273693084717e-01
3.037772774696350098e-01
6.898369193077087402e-01
3.222037553787231445e-01
5.882657766342163086e-01
6.198989748954772949e-01
3.074060082435607910e-01
6.769376993179321289e-01
3.072841465473175049e-01
3.620932996273040771e-01
7.012922167778015137e-01
6.168191432952880859e-01
3.073632121086120605e-01
4.279752671718597412e-01
3.145725429058074951e-01
6.826606392860412598e-01
6.949973106384277344e-01
3.576388061046600342e-01
3.108619451522827148e-01
4.792724549770355225e-01
4.768659472465515137e-01
4.579524397850036621e-01
2.979817390441894531e-01
4.269084632396697998e-01
3.588413298130035400e-01
2.995517551898956299e-01
6.327087283134460449e-01
3.170296847820281982e-01
3.752654790878295898e-01
3.439558744430541992e-01
6.206659078598022461e-01
3.999342322349548340e-01
2.997988462448120117e-01
6.848588585853576660e-01
6.912611722946166992e-01
6.163000464439392090e-01
6.957614421844482422e-01
3.531151711940765381e-01
3.109602630138397217e-01
5.523966550827026367e-01
3.045149445533752441e-01
6.681531667709350586e-01
5.763320326805114746e-01
3.027113378047943115e-01
3.059854507446289062e-01
6.988306045532226562e-01
5.536444187164306641e-01
6.867082118988037109e-01
3.327058851718902588e-01
6.628058552742004395e-01
3.170034289360046387e-01
3.054953515529632568e-01
3.165854513645172119e-01
6.936935782432556152e-01
3.429953753948211670e-01
4.590902030467987061e-01
3.100545704364776611e-01
3.302919268608093262e-01
7.000889778137207031e-01
5.177541971206665039e-01
3.492389023303985596e-01
6.113016605377197266e-01
4.994072914123535156e-01
5.931510925292968750e-01
6.875462532043457031e-01
4.901618361473083496e-01
3.256946206092834473e-01
6.915276050567626953e-01
4.457255303859710693e-01
3.190091550350189209e-01
3.122569024562835693e-01
3.335677683353424072e-01
3.155222535133361816e-01
3.020990192890167236e-01
3.082264661788940430e-01
3.135858774185180664e-01
6.775420904159545898e-01
3.883686661720275879e-01
3.053036928176879883e-01
6.999338269233703613e-01
5.386780500411987305e-01
3.702472448348999023e-01
5.672875642776489258e-01
5.319608449935913086e-01
5.594412684440612793e-01
6.916103959083557129e-01
4.175455272197723389e-01
3.185741007328033447e-01
6.784166693687438965e-01
6.201570630073547363e-01
5.557750463485717773e-01
3.102256655693054199e-01
6.961071491241455078e-01
6.685017943382263184e-01
6.097947955131530762e-01
3.457398414611816406e-01
3.076921403408050537e-01
6.452562212944030762e-01
3.221749961376190186e-01
2.980745732784271240e-01
6.960105895996093750e-01
5.420682430267333984e-01
6.208106279373168945e-01
3.343795537948608398e-01
3.782579302787780762e-01
5.973169207572937012e-01
3.542940616607666016e-01
6.124527454376220703e-01
6.772220134735107422e-01
6.989164948463439941e-01
5.523838996887207031e-01
3.611487448215484619e-01
3.247124850749969482e-01
3.376437425613403320e-01
6.949816942214965820e-01
6.743806004524230957e-01
6.867750287055969238e-01
3.295380175113677979e-01
6.161862611770629883e-01
3.209359943866729736e-01
6.617036461830139160e-01
2.988551557064056396e-01
4.439372420310974121e-01
3.573345243930816650e-01
6.096371412277221680e-01
3.012631833553314209e-01
4.077913761138916016e-01
6.528809070587158203e-01
5.699042081832885742e-01
3.416411280632019043e-01
6.961792707443237305e-01
6.685550808906555176e-01
3.331607580184936523e-01
6.734443902969360352e-01
5.103173851966857910e-01
3.321328163146972656e-01
4.584513902664184570e-01
2.977587878704071045e-01
3.274833559989929199e-01
6.274446249008178711e-01
5.487580895423889160e-01
6.800853013992309570e-01
6.114357113838195801e-01
4.039467871189117432e-01
6.250182390213012695e-01
6.614893078804016113e-01
6.423947215080261230e-01
3.364613652229309082e-01
3.354297578334808350e-01
3.387002050876617432e-01
3.086249232292175293e-01
7.007855176925659180e-01
3.112969100475311279e-01
3.183359503746032715e-01
6.811710596084594727e-01
